0	0	0.000000
0	1	1.000000
0	2	0.000000
0	3	0.000000
1	0	0.000000
1	1	1.000000
1	2	0.000000
1	3	0.000000
2	0	0.000000
2	1	1.000000
2	2	0.000000
2	3	0.000000
3	0	0.000000
3	1	1.000000
3	2	0.000000
3	3	0.000000
4	0	0.000000
4	1	1.000000
4	2	0.000000
4	3	0.000000
5	0	0.000000
5	1	1.000000
5	2	0.000000
5	3	0.000000
6	0	1.000000
6	1	0.000000
6	2	0.000000
6	3	0.000000
7	0	1.000000
7	1	0.000000
7	2	0.000000
7	3	0.000000
8	0	1.000000
8	1	0.000000
8	2	0.000000
8	3	0.000000
9	0	1.000000
9	1	0.000000
9	2	0.000000
9	3	0.000000
10	0	1.000000
10	1	0.000000
10	2	0.000000
10	3	0.000000
11	0	1.000000
11	1	0.000000
11	2	0.000000
11	3	0.000000
12	0	1.000000
12	1	0.000000
12	2	0.000000
12	3	0.000000
13	0	1.000000
13	1	0.000000
13	2	0.000000
13	3	0.000000
14	0	1.000000
14	1	0.000000
14	2	0.000000
14	3	0.000000
15	0	1.000000
15	1	0.000000
15	2	0.000000
15	3	0.000000
16	0	1.000000
16	1	0.000000
16	2	0.000000
16	3	0.000000
17	0	1.000000
17	1	0.000000
17	2	0.000000
17	3	0.000000
18	0	1.000000
18	1	0.000000
18	2	0.000000
18	3	0.000000
19	0	1.000000
19	1	0.000000
19	2	0.000000
19	3	0.000000
20	0	1.000000
20	1	0.000000
20	2	0.000000
20	3	0.000000
21	0	1.000000
21	1	0.000000
21	2	0.000000
21	3	0.000000
22	0	1.000000
22	1	0.000000
22	2	0.000000
22	3	0.000000
23	0	1.000000
23	1	0.000000
23	2	0.000000
23	3	0.000000
24	0	1.000000
24	1	0.000000
24	2	0.000000
24	3	0.000000
25	0	1.000000
25	1	0.000000
25	2	0.000000
25	3	0.000000
26	0	1.000000
26	1	0.000000
26	2	0.000000
26	3	0.000000
27	0	1.000000
27	1	0.000000
27	2	0.000000
27	3	0.000000
28	0	1.000000
28	1	0.000000
28	2	0.000000
28	3	0.000000
29	0	1.000000
29	1	0.000000
29	2	0.000000
29	3	0.000000
30	0	1.000000
30	1	0.000000
30	2	0.000000
30	3	0.000000
31	0	1.000000
31	1	0.000000
31	2	0.000000
31	3	0.000000
32	0	1.000000
32	1	0.000000
32	2	0.000000
32	3	0.000000
33	0	1.000000
33	1	0.000000
33	2	0.000000
33	3	0.000000
34	0	1.000000
34	1	0.000000
34	2	0.000000
34	3	0.000000
35	0	1.000000
35	1	0.000000
35	2	0.000000
35	3	0.000000
36	0	0.000000
36	1	1.000000
36	2	0.000000
36	3	0.000000
37	0	0.000000
37	1	1.000000
37	2	0.000000
37	3	0.000000
38	0	0.000000
38	1	0.000000
38	2	0.000000
38	3	1.000000
39	0	0.000000
39	1	0.000000
39	2	0.000000
39	3	1.000000
40	0	0.000000
40	1	0.000000
40	2	0.000000
40	3	1.000000
41	0	0.000000
41	1	0.000000
41	2	0.000000
41	3	1.000000
42	0	0.000000
42	1	0.000000
42	2	1.000000
42	3	0.000000
43	0	0.000000
43	1	0.000000
43	2	0.000000
43	3	1.000000
44	0	0.000000
44	1	0.000000
44	2	0.000000
44	3	1.000000
45	0	0.000000
45	1	0.000000
45	2	0.000000
45	3	1.000000
46	0	0.000000
46	1	0.000000
46	2	0.000000
46	3	1.000000
47	0	0.000000
47	1	0.000000
47	2	0.000000
47	3	1.000000
48	0	0.000000
48	1	0.000000
48	2	1.000000
48	3	0.000000
49	0	0.000000
49	1	0.000000
49	2	0.000000
49	3	1.000000
50	0	0.000000
50	1	0.000000
50	2	0.000000
50	3	1.000000
51	0	0.000000
51	1	0.000000
51	2	0.000000
51	3	1.000000
52	0	0.000000
52	1	0.000000
52	2	0.000000
52	3	1.000000
53	0	0.000000
53	1	0.000000
53	2	0.000000
53	3	1.000000
54	0	0.000000
54	1	0.000000
54	2	1.000000
54	3	0.000000
55	0	0.000000
55	1	0.000000
55	2	0.000000
55	3	1.000000
56	0	0.000000
56	1	0.000000
56	2	0.000000
56	3	1.000000
57	0	0.000000
57	1	0.000000
57	2	0.000000
57	3	1.000000
58	0	0.000000
58	1	0.000000
58	2	0.000000
58	3	1.000000
59	0	0.000000
59	1	0.000000
59	2	0.000000
59	3	1.000000
60	0	1.000000
60	1	0.000000
60	2	0.000000
60	3	0.000000
61	0	1.000000
61	1	0.000000
61	2	0.000000
61	3	0.000000
62	0	1.000000
62	1	0.000000
62	2	0.000000
62	3	0.000000
63	0	1.000000
63	1	0.000000
63	2	0.000000
63	3	0.000000
64	0	1.000000
64	1	0.000000
64	2	0.000000
64	3	0.000000
65	0	1.000000
65	1	0.000000
65	2	0.000000
65	3	0.000000
66	0	1.000000
66	1	0.000000
66	2	0.000000
66	3	0.000000
67	0	1.000000
67	1	0.000000
67	2	0.000000
67	3	0.000000
68	0	1.000000
68	1	0.000000
68	2	0.000000
68	3	0.000000
69	0	1.000000
69	1	0.000000
69	2	0.000000
69	3	0.000000
70	0	1.000000
70	1	0.000000
70	2	0.000000
70	3	0.000000
71	0	1.000000
71	1	0.000000
71	2	0.000000
71	3	0.000000
72	0	0.000000
72	1	1.000000
72	2	0.000000
72	3	0.000000
73	0	0.000000
73	1	1.000000
73	2	0.000000
73	3	0.000000
74	0	0.000000
74	1	1.000000
74	2	0.000000
74	3	0.000000
75	0	0.000000
75	1	1.000000
75	2	0.000000
75	3	0.000000
76	0	0.000000
76	1	1.000000
76	2	0.000000
76	3	0.000000
77	0	0.000000
77	1	1.000000
77	2	0.000000
77	3	0.000000
78	0	0.000000
78	1	1.000000
78	2	0.000000
78	3	0.000000
79	0	0.000000
79	1	1.000000
79	2	0.000000
79	3	0.000000
80	0	0.000000
80	1	1.000000
80	2	0.000000
80	3	0.000000
81	0	0.000000
81	1	1.000000
81	2	0.000000
81	3	0.000000
82	0	0.000000
82	1	1.000000
82	2	0.000000
82	3	0.000000
83	0	0.000000
83	1	1.000000
83	2	0.000000
83	3	0.000000
84	0	0.000000
84	1	1.000000
84	2	0.000000
84	3	0.000000
85	0	0.000000
85	1	1.000000
85	2	0.000000
85	3	0.000000
86	0	0.000000
86	1	1.000000
86	2	0.000000
86	3	0.000000
87	0	0.000000
87	1	1.000000
87	2	0.000000
87	3	0.000000
88	0	0.000000
88	1	1.000000
88	2	0.000000
88	3	0.000000
89	0	0.000000
89	1	1.000000
89	2	0.000000
89	3	0.000000
90	0	0.000000
90	1	1.000000
90	2	0.000000
90	3	0.000000
91	0	0.000000
91	1	1.000000
91	2	0.000000
91	3	0.000000
92	0	0.000000
92	1	1.000000
92	2	0.000000
92	3	0.000000
93	0	0.000000
93	1	1.000000
93	2	0.000000
93	3	0.000000
94	0	0.000000
94	1	1.000000
94	2	0.000000
94	3	0.000000
95	0	0.000000
95	1	1.000000
95	2	0.000000
95	3	0.000000
96	0	1.000000
96	1	0.000000
96	2	0.000000
96	3	0.000000
97	0	0.000000
97	1	1.000000
97	2	0.000000
97	3	0.000000
98	0	0.000000
98	1	1.000000
98	2	0.000000
98	3	0.000000
99	0	0.000000
99	1	1.000000
99	2	0.000000
99	3	0.000000
100	0	0.000000
100	1	0.000000
100	2	0.000000
100	3	1.000000
101	0	0.000000
101	1	0.000000
101	2	0.000000
101	3	1.000000
102	0	1.000000
102	1	0.000000
102	2	0.000000
102	3	0.000000
103	0	1.000000
103	1	0.000000
103	2	0.000000
103	3	0.000000
104	0	1.000000
104	1	0.000000
104	2	0.000000
104	3	0.000000
105	0	1.000000
105	1	0.000000
105	2	0.000000
105	3	0.000000
106	0	1.000000
106	1	0.000000
106	2	0.000000
106	3	0.000000
107	0	0.000000
107	1	0.000000
107	2	0.000000
107	3	1.000000
108	0	0.000000
108	1	1.000000
108	2	0.000000
108	3	0.000000
109	0	0.000000
109	1	0.000000
109	2	0.000000
109	3	1.000000
110	0	0.000000
110	1	0.000000
110	2	0.000000
110	3	1.000000
111	0	0.000000
111	1	0.000000
111	2	0.000000
111	3	1.000000
112	0	0.000000
112	1	0.000000
112	2	0.000000
112	3	1.000000
113	0	0.000000
113	1	0.000000
113	2	0.000000
113	3	1.000000
114	0	1.000000
114	1	0.000000
114	2	0.000000
114	3	0.000000
115	0	1.000000
115	1	0.000000
115	2	0.000000
115	3	0.000000
116	0	1.000000
116	1	0.000000
116	2	0.000000
116	3	0.000000
117	0	1.000000
117	1	0.000000
117	2	0.000000
117	3	0.000000
118	0	1.000000
118	1	0.000000
118	2	0.000000
118	3	0.000000
119	0	1.000000
119	1	0.000000
119	2	0.000000
119	3	0.000000
120	0	1.000000
120	1	0.000000
120	2	0.000000
120	3	0.000000
121	0	1.000000
121	1	0.000000
121	2	0.000000
121	3	0.000000
122	0	1.000000
122	1	0.000000
122	2	0.000000
122	3	0.000000
123	0	1.000000
123	1	0.000000
123	2	0.000000
123	3	0.000000
124	0	1.000000
124	1	0.000000
124	2	0.000000
124	3	0.000000
125	0	1.000000
125	1	0.000000
125	2	0.000000
125	3	0.000000
126	0	1.000000
126	1	0.000000
126	2	0.000000
126	3	0.000000
127	0	1.000000
127	1	0.000000
127	2	0.000000
127	3	0.000000
128	0	1.000000
128	1	0.000000
128	2	0.000000
128	3	0.000000
129	0	1.000000
129	1	0.000000
129	2	0.000000
129	3	0.000000
130	0	1.000000
130	1	0.000000
130	2	0.000000
130	3	0.000000
131	0	1.000000
131	1	0.000000
131	2	0.000000
131	3	0.000000
132	0	1.000000
132	1	0.000000
132	2	0.000000
132	3	0.000000
133	0	1.000000
133	1	0.000000
133	2	0.000000
133	3	0.000000
134	0	1.000000
134	1	0.000000
134	2	0.000000
134	3	0.000000
135	0	1.000000
135	1	0.000000
135	2	0.000000
135	3	0.000000
136	0	1.000000
136	1	0.000000
136	2	0.000000
136	3	0.000000
137	0	1.000000
137	1	0.000000
137	2	0.000000
137	3	0.000000
138	0	1.000000
138	1	0.000000
138	2	0.000000
138	3	0.000000
139	0	1.000000
139	1	0.000000
139	2	0.000000
139	3	0.000000
140	0	1.000000
140	1	0.000000
140	2	0.000000
140	3	0.000000
141	0	1.000000
141	1	0.000000
141	2	0.000000
141	3	0.000000
142	0	1.000000
142	1	0.000000
142	2	0.000000
142	3	0.000000
143	0	1.000000
143	1	0.000000
143	2	0.000000
143	3	0.000000
144	0	0.000000
144	1	1.000000
144	2	0.000000
144	3	0.000000
145	0	0.000000
145	1	1.000000
145	2	0.000000
145	3	0.000000
146	0	0.000000
146	1	1.000000
146	2	0.000000
146	3	0.000000
147	0	0.000000
147	1	1.000000
147	2	0.000000
147	3	0.000000
148	0	0.000000
148	1	1.000000
148	2	0.000000
148	3	0.000000
149	0	0.000000
149	1	1.000000
149	2	0.000000
149	3	0.000000
150	0	0.000000
150	1	1.000000
150	2	0.000000
150	3	0.000000
151	0	0.000000
151	1	1.000000
151	2	0.000000
151	3	0.000000
152	0	0.000000
152	1	1.000000
152	2	0.000000
152	3	0.000000
153	0	0.000000
153	1	1.000000
153	2	0.000000
153	3	0.000000
154	0	0.000000
154	1	1.000000
154	2	0.000000
154	3	0.000000
155	0	0.000000
155	1	1.000000
155	2	0.000000
155	3	0.000000
156	0	0.000000
156	1	1.000000
156	2	0.000000
156	3	0.000000
157	0	0.000000
157	1	1.000000
157	2	0.000000
157	3	0.000000
158	0	0.000000
158	1	1.000000
158	2	0.000000
158	3	0.000000
159	0	0.000000
159	1	1.000000
159	2	0.000000
159	3	0.000000
160	0	0.000000
160	1	1.000000
160	2	0.000000
160	3	0.000000
161	0	0.000000
161	1	1.000000
161	2	0.000000
161	3	0.000000
162	0	0.000000
162	1	1.000000
162	2	0.000000
162	3	0.000000
163	0	0.000000
163	1	1.000000
163	2	0.000000
163	3	0.000000
164	0	0.000000
164	1	1.000000
164	2	0.000000
164	3	0.000000
165	0	0.000000
165	1	1.000000
165	2	0.000000
165	3	0.000000
166	0	0.000000
166	1	1.000000
166	2	0.000000
166	3	0.000000
167	0	0.000000
167	1	1.000000
167	2	0.000000
167	3	0.000000
168	0	0.000000
168	1	1.000000
168	2	0.000000
168	3	0.000000
169	0	0.000000
169	1	1.000000
169	2	0.000000
169	3	0.000000
170	0	0.000000
170	1	1.000000
170	2	0.000000
170	3	0.000000
171	0	0.000000
171	1	1.000000
171	2	0.000000
171	3	0.000000
172	0	0.000000
172	1	1.000000
172	2	0.000000
172	3	0.000000
173	0	0.000000
173	1	1.000000
173	2	0.000000
173	3	0.000000
174	0	0.000000
174	1	0.000000
174	2	1.000000
174	3	0.000000
175	0	0.000000
175	1	0.000000
175	2	0.000000
175	3	1.000000
176	0	0.000000
176	1	0.000000
176	2	0.000000
176	3	1.000000
177	0	0.000000
177	1	0.000000
177	2	0.000000
177	3	1.000000
178	0	0.000000
178	1	0.000000
178	2	0.000000
178	3	1.000000
179	0	0.000000
179	1	0.000000
179	2	0.000000
179	3	1.000000
180	0	1.000000
180	1	0.000000
180	2	0.000000
180	3	0.000000
181	0	1.000000
181	1	0.000000
181	2	0.000000
181	3	0.000000
182	0	1.000000
182	1	0.000000
182	2	0.000000
182	3	0.000000
183	0	1.000000
183	1	0.000000
183	2	0.000000
183	3	0.000000
184	0	1.000000
184	1	0.000000
184	2	0.000000
184	3	0.000000
185	0	1.000000
185	1	0.000000
185	2	0.000000
185	3	0.000000
186	0	1.000000
186	1	0.000000
186	2	0.000000
186	3	0.000000
187	0	1.000000
187	1	0.000000
187	2	0.000000
187	3	0.000000
188	0	1.000000
188	1	0.000000
188	2	0.000000
188	3	0.000000
189	0	1.000000
189	1	0.000000
189	2	0.000000
189	3	0.000000
190	0	1.000000
190	1	0.000000
190	2	0.000000
190	3	0.000000
191	0	1.000000
191	1	0.000000
191	2	0.000000
191	3	0.000000
192	0	1.000000
192	1	0.000000
192	2	0.000000
192	3	0.000000
193	0	1.000000
193	1	0.000000
193	2	0.000000
193	3	0.000000
194	0	1.000000
194	1	0.000000
194	2	0.000000
194	3	0.000000
195	0	1.000000
195	1	0.000000
195	2	0.000000
195	3	0.000000
196	0	1.000000
196	1	0.000000
196	2	0.000000
196	3	0.000000
197	0	1.000000
197	1	0.000000
197	2	0.000000
197	3	0.000000
198	0	1.000000
198	1	0.000000
198	2	0.000000
198	3	0.000000
199	0	1.000000
199	1	0.000000
199	2	0.000000
199	3	0.000000
200	0	1.000000
200	1	0.000000
200	2	0.000000
200	3	0.000000
201	0	1.000000
201	1	0.000000
201	2	0.000000
201	3	0.000000
202	0	1.000000
202	1	0.000000
202	2	0.000000
202	3	0.000000
203	0	1.000000
203	1	0.000000
203	2	0.000000
203	3	0.000000
204	0	1.000000
204	1	0.000000
204	2	0.000000
204	3	0.000000
205	0	1.000000
205	1	0.000000
205	2	0.000000
205	3	0.000000
206	0	1.000000
206	1	0.000000
206	2	0.000000
206	3	0.000000
207	0	1.000000
207	1	0.000000
207	2	0.000000
207	3	0.000000
208	0	1.000000
208	1	0.000000
208	2	0.000000
208	3	0.000000
209	0	1.000000
209	1	0.000000
209	2	0.000000
209	3	0.000000
210	0	1.000000
210	1	0.000000
210	2	0.000000
210	3	0.000000
211	0	1.000000
211	1	0.000000
211	2	0.000000
211	3	0.000000
212	0	1.000000
212	1	0.000000
212	2	0.000000
212	3	0.000000
213	0	1.000000
213	1	0.000000
213	2	0.000000
213	3	0.000000
214	0	1.000000
214	1	0.000000
214	2	0.000000
214	3	0.000000
215	0	1.000000
215	1	0.000000
215	2	0.000000
215	3	0.000000
216	0	0.000000
216	1	1.000000
216	2	0.000000
216	3	0.000000
217	0	0.000000
217	1	1.000000
217	2	0.000000
217	3	0.000000
218	0	0.000000
218	1	1.000000
218	2	0.000000
218	3	0.000000
219	0	0.000000
219	1	1.000000
219	2	0.000000
219	3	0.000000
220	0	0.000000
220	1	1.000000
220	2	0.000000
220	3	0.000000
221	0	0.000000
221	1	1.000000
221	2	0.000000
221	3	0.000000
222	0	0.000000
222	1	1.000000
222	2	0.000000
222	3	0.000000
223	0	0.000000
223	1	1.000000
223	2	0.000000
223	3	0.000000
224	0	0.000000
224	1	1.000000
224	2	0.000000
224	3	0.000000
225	0	0.000000
225	1	1.000000
225	2	0.000000
225	3	0.000000
226	0	0.000000
226	1	1.000000
226	2	0.000000
226	3	0.000000
227	0	0.000000
227	1	1.000000
227	2	0.000000
227	3	0.000000
228	0	0.000000
228	1	1.000000
228	2	0.000000
228	3	0.000000
229	0	0.000000
229	1	1.000000
229	2	0.000000
229	3	0.000000
230	0	0.000000
230	1	1.000000
230	2	0.000000
230	3	0.000000
231	0	0.000000
231	1	1.000000
231	2	0.000000
231	3	0.000000
232	0	0.000000
232	1	1.000000
232	2	0.000000
232	3	0.000000
233	0	0.000000
233	1	1.000000
233	2	0.000000
233	3	0.000000
234	0	0.000000
234	1	1.000000
234	2	0.000000
234	3	0.000000
235	0	0.000000
235	1	1.000000
235	2	0.000000
235	3	0.000000
236	0	0.000000
236	1	0.000000
236	2	0.000000
236	3	1.000000
237	0	0.000000
237	1	0.000000
237	2	0.000000
237	3	1.000000
238	0	0.000000
238	1	0.000000
238	2	0.000000
238	3	1.000000
239	0	0.000000
239	1	0.000000
239	2	0.000000
239	3	1.000000
240	0	0.000000
240	1	0.000000
240	2	1.000000
240	3	0.000000
241	0	0.000000
241	1	0.000000
241	2	0.000000
241	3	1.000000
242	0	0.000000
242	1	0.000000
242	2	0.000000
242	3	1.000000
243	0	0.000000
243	1	0.000000
243	2	0.000000
243	3	1.000000
244	0	0.000000
244	1	0.000000
244	2	0.000000
244	3	1.000000
245	0	0.000000
245	1	0.000000
245	2	0.000000
245	3	1.000000
246	0	1.000000
246	1	0.000000
246	2	0.000000
246	3	0.000000
247	0	1.000000
247	1	0.000000
247	2	0.000000
247	3	0.000000
248	0	1.000000
248	1	0.000000
248	2	0.000000
248	3	0.000000
249	0	1.000000
249	1	0.000000
249	2	0.000000
249	3	0.000000
250	0	1.000000
250	1	0.000000
250	2	0.000000
250	3	0.000000
251	0	1.000000
251	1	0.000000
251	2	0.000000
251	3	0.000000
