0	0	0.000000
0	1	1.000000
0	2	0.000000
0	3	0.000000
1	0	0.000000
1	1	1.000000
1	2	0.000000
1	3	0.000000
2	0	0.000000
2	1	1.000000
2	2	0.000000
2	3	0.000000
3	0	0.000000
3	1	1.000000
3	2	0.000000
3	3	0.000000
4	0	0.000000
4	1	1.000000
4	2	0.000000
4	3	0.000000
5	0	0.000000
5	1	1.000000
5	2	0.000000
5	3	0.000000
6	0	0.000000
6	1	1.000000
6	2	0.000000
6	3	0.000000
7	0	0.000000
7	1	1.000000
7	2	0.000000
7	3	0.000000
8	0	0.000000
8	1	1.000000
8	2	0.000000
8	3	0.000000
9	0	0.000000
9	1	1.000000
9	2	0.000000
9	3	0.000000
10	0	0.000000
10	1	1.000000
10	2	0.000000
10	3	0.000000
11	0	0.000000
11	1	1.000000
11	2	0.000000
11	3	0.000000
12	0	0.000000
12	1	1.000000
12	2	0.000000
12	3	0.000000
13	0	0.000000
13	1	1.000000
13	2	0.000000
13	3	0.000000
14	0	0.000000
14	1	1.000000
14	2	0.000000
14	3	0.000000
15	0	0.000000
15	1	1.000000
15	2	0.000000
15	3	0.000000
16	0	0.000000
16	1	1.000000
16	2	0.000000
16	3	0.000000
17	0	0.000000
17	1	1.000000
17	2	0.000000
17	3	0.000000
18	0	0.000000
18	1	1.000000
18	2	0.000000
18	3	0.000000
19	0	0.000000
19	1	1.000000
19	2	0.000000
19	3	0.000000
20	0	0.000000
20	1	1.000000
20	2	0.000000
20	3	0.000000
21	0	0.000000
21	1	1.000000
21	2	0.000000
21	3	0.000000
22	0	0.000000
22	1	1.000000
22	2	0.000000
22	3	0.000000
23	0	0.000000
23	1	1.000000
23	2	0.000000
23	3	0.000000
24	0	0.000000
24	1	0.000000
24	2	1.000000
24	3	0.000000
25	0	0.000000
25	1	1.000000
25	2	0.000000
25	3	0.000000
26	0	0.000000
26	1	0.000000
26	2	0.000000
26	3	1.000000
27	0	0.000000
27	1	0.000000
27	2	0.000000
27	3	1.000000
28	0	0.000000
28	1	0.000000
28	2	0.000000
28	3	1.000000
29	0	0.000000
29	1	0.000000
29	2	0.000000
29	3	1.000000
30	0	0.000000
30	1	0.000000
30	2	1.000000
30	3	0.000000
31	0	0.000000
31	1	0.000000
31	2	1.000000
31	3	0.000000
32	0	0.000000
32	1	0.000000
32	2	0.000000
32	3	1.000000
33	0	0.000000
33	1	0.000000
33	2	0.000000
33	3	1.000000
34	0	0.000000
34	1	0.000000
34	2	0.000000
34	3	1.000000
35	0	0.000000
35	1	0.000000
35	2	0.000000
35	3	1.000000
36	0	0.000000
36	1	1.000000
36	2	0.000000
36	3	0.000000
37	0	0.000000
37	1	1.000000
37	2	0.000000
37	3	0.000000
38	0	0.000000
38	1	1.000000
38	2	0.000000
38	3	0.000000
39	0	0.000000
39	1	1.000000
39	2	0.000000
39	3	0.000000
40	0	0.000000
40	1	1.000000
40	2	0.000000
40	3	0.000000
41	0	0.000000
41	1	1.000000
41	2	0.000000
41	3	0.000000
42	0	0.000000
42	1	1.000000
42	2	0.000000
42	3	0.000000
43	0	0.000000
43	1	1.000000
43	2	0.000000
43	3	0.000000
44	0	0.000000
44	1	1.000000
44	2	0.000000
44	3	0.000000
45	0	0.000000
45	1	1.000000
45	2	0.000000
45	3	0.000000
46	0	0.000000
46	1	1.000000
46	2	0.000000
46	3	0.000000
47	0	0.000000
47	1	1.000000
47	2	0.000000
47	3	0.000000
48	0	0.000000
48	1	1.000000
48	2	0.000000
48	3	0.000000
49	0	0.000000
49	1	1.000000
49	2	0.000000
49	3	0.000000
50	0	0.000000
50	1	1.000000
50	2	0.000000
50	3	0.000000
51	0	0.000000
51	1	1.000000
51	2	0.000000
51	3	0.000000
52	0	0.000000
52	1	1.000000
52	2	0.000000
52	3	0.000000
53	0	0.000000
53	1	1.000000
53	2	0.000000
53	3	0.000000
54	0	0.000000
54	1	1.000000
54	2	0.000000
54	3	0.000000
55	0	0.000000
55	1	1.000000
55	2	0.000000
55	3	0.000000
56	0	0.000000
56	1	1.000000
56	2	0.000000
56	3	0.000000
57	0	0.000000
57	1	1.000000
57	2	0.000000
57	3	0.000000
58	0	0.000000
58	1	1.000000
58	2	0.000000
58	3	0.000000
59	0	0.000000
59	1	1.000000
59	2	0.000000
59	3	0.000000
60	0	0.000000
60	1	1.000000
60	2	0.000000
60	3	0.000000
61	0	0.000000
61	1	1.000000
61	2	0.000000
61	3	0.000000
62	0	0.000000
62	1	1.000000
62	2	0.000000
62	3	0.000000
63	0	0.000000
63	1	1.000000
63	2	0.000000
63	3	0.000000
64	0	0.000000
64	1	1.000000
64	2	0.000000
64	3	0.000000
65	0	0.000000
65	1	1.000000
65	2	0.000000
65	3	0.000000
66	0	0.000000
66	1	0.000000
66	2	1.000000
66	3	0.000000
67	0	0.000000
67	1	0.000000
67	2	1.000000
67	3	0.000000
68	0	0.000000
68	1	0.000000
68	2	1.000000
68	3	0.000000
69	0	0.000000
69	1	0.000000
69	2	1.000000
69	3	0.000000
70	0	0.000000
70	1	0.000000
70	2	1.000000
70	3	0.000000
71	0	1.000000
71	1	0.000000
71	2	0.000000
71	3	0.000000
72	0	1.000000
72	1	0.000000
72	2	0.000000
72	3	0.000000
73	0	1.000000
73	1	0.000000
73	2	0.000000
73	3	0.000000
74	0	1.000000
74	1	0.000000
74	2	0.000000
74	3	0.000000
75	0	1.000000
75	1	0.000000
75	2	0.000000
75	3	0.000000
76	0	1.000000
76	1	0.000000
76	2	0.000000
76	3	0.000000
77	0	1.000000
77	1	0.000000
77	2	0.000000
77	3	0.000000
78	0	1.000000
78	1	0.000000
78	2	0.000000
78	3	0.000000
79	0	1.000000
79	1	0.000000
79	2	0.000000
79	3	0.000000
80	0	1.000000
80	1	0.000000
80	2	0.000000
80	3	0.000000
81	0	1.000000
81	1	0.000000
81	2	0.000000
81	3	0.000000
82	0	1.000000
82	1	0.000000
82	2	0.000000
82	3	0.000000
83	0	1.000000
83	1	0.000000
83	2	0.000000
83	3	0.000000
84	0	1.000000
84	1	0.000000
84	2	0.000000
84	3	0.000000
85	0	1.000000
85	1	0.000000
85	2	0.000000
85	3	0.000000
86	0	1.000000
86	1	0.000000
86	2	0.000000
86	3	0.000000
87	0	1.000000
87	1	0.000000
87	2	0.000000
87	3	0.000000
88	0	1.000000
88	1	0.000000
88	2	0.000000
88	3	0.000000
89	0	1.000000
89	1	0.000000
89	2	0.000000
89	3	0.000000
90	0	1.000000
90	1	0.000000
90	2	0.000000
90	3	0.000000
91	0	1.000000
91	1	0.000000
91	2	0.000000
91	3	0.000000
92	0	1.000000
92	1	0.000000
92	2	0.000000
92	3	0.000000
93	0	1.000000
93	1	0.000000
93	2	0.000000
93	3	0.000000
94	0	1.000000
94	1	0.000000
94	2	0.000000
94	3	0.000000
95	0	1.000000
95	1	0.000000
95	2	0.000000
95	3	0.000000
96	0	1.000000
96	1	0.000000
96	2	0.000000
96	3	0.000000
97	0	1.000000
97	1	0.000000
97	2	0.000000
97	3	0.000000
98	0	1.000000
98	1	0.000000
98	2	0.000000
98	3	0.000000
99	0	1.000000
99	1	0.000000
99	2	0.000000
99	3	0.000000
100	0	1.000000
100	1	0.000000
100	2	0.000000
100	3	0.000000
101	0	1.000000
101	1	0.000000
101	2	0.000000
101	3	0.000000
102	0	1.000000
102	1	0.000000
102	2	0.000000
102	3	0.000000
103	0	1.000000
103	1	0.000000
103	2	0.000000
103	3	0.000000
104	0	1.000000
104	1	0.000000
104	2	0.000000
104	3	0.000000
105	0	1.000000
105	1	0.000000
105	2	0.000000
105	3	0.000000
106	0	1.000000
106	1	0.000000
106	2	0.000000
106	3	0.000000
107	0	1.000000
107	1	0.000000
107	2	0.000000
107	3	0.000000
108	0	0.000000
108	1	0.000000
108	2	1.000000
108	3	0.000000
109	0	0.000000
109	1	0.000000
109	2	1.000000
109	3	0.000000
110	0	0.000000
110	1	0.000000
110	2	1.000000
110	3	0.000000
111	0	0.000000
111	1	0.000000
111	2	1.000000
111	3	0.000000
112	0	0.000000
112	1	0.000000
112	2	1.000000
112	3	0.000000
113	0	0.000000
113	1	0.000000
113	2	0.000000
113	3	1.000000
114	0	1.000000
114	1	0.000000
114	2	0.000000
114	3	0.000000
115	0	1.000000
115	1	0.000000
115	2	0.000000
115	3	0.000000
116	0	1.000000
116	1	0.000000
116	2	0.000000
116	3	0.000000
117	0	1.000000
117	1	0.000000
117	2	0.000000
117	3	0.000000
118	0	1.000000
118	1	0.000000
118	2	0.000000
118	3	0.000000
119	0	1.000000
119	1	0.000000
119	2	0.000000
119	3	0.000000
120	0	1.000000
120	1	0.000000
120	2	0.000000
120	3	0.000000
121	0	1.000000
121	1	0.000000
121	2	0.000000
121	3	0.000000
122	0	1.000000
122	1	0.000000
122	2	0.000000
122	3	0.000000
123	0	1.000000
123	1	0.000000
123	2	0.000000
123	3	0.000000
124	0	1.000000
124	1	0.000000
124	2	0.000000
124	3	0.000000
125	0	1.000000
125	1	0.000000
125	2	0.000000
125	3	0.000000
126	0	1.000000
126	1	0.000000
126	2	0.000000
126	3	0.000000
127	0	1.000000
127	1	0.000000
127	2	0.000000
127	3	0.000000
128	0	1.000000
128	1	0.000000
128	2	0.000000
128	3	0.000000
129	0	1.000000
129	1	0.000000
129	2	0.000000
129	3	0.000000
130	0	1.000000
130	1	0.000000
130	2	0.000000
130	3	0.000000
131	0	1.000000
131	1	0.000000
131	2	0.000000
131	3	0.000000
132	0	1.000000
132	1	0.000000
132	2	0.000000
132	3	0.000000
133	0	1.000000
133	1	0.000000
133	2	0.000000
133	3	0.000000
134	0	1.000000
134	1	0.000000
134	2	0.000000
134	3	0.000000
135	0	1.000000
135	1	0.000000
135	2	0.000000
135	3	0.000000
136	0	1.000000
136	1	0.000000
136	2	0.000000
136	3	0.000000
137	0	1.000000
137	1	0.000000
137	2	0.000000
137	3	0.000000
138	0	1.000000
138	1	0.000000
138	2	0.000000
138	3	0.000000
139	0	1.000000
139	1	0.000000
139	2	0.000000
139	3	0.000000
140	0	1.000000
140	1	0.000000
140	2	0.000000
140	3	0.000000
141	0	1.000000
141	1	0.000000
141	2	0.000000
141	3	0.000000
142	0	1.000000
142	1	0.000000
142	2	0.000000
142	3	0.000000
143	0	1.000000
143	1	0.000000
143	2	0.000000
143	3	0.000000
144	0	0.000000
144	1	1.000000
144	2	0.000000
144	3	0.000000
145	0	0.000000
145	1	1.000000
145	2	0.000000
145	3	0.000000
146	0	0.000000
146	1	1.000000
146	2	0.000000
146	3	0.000000
147	0	0.000000
147	1	1.000000
147	2	0.000000
147	3	0.000000
148	0	0.000000
148	1	1.000000
148	2	0.000000
148	3	0.000000
149	0	0.000000
149	1	1.000000
149	2	0.000000
149	3	0.000000
150	0	0.000000
150	1	1.000000
150	2	0.000000
150	3	0.000000
151	0	0.000000
151	1	1.000000
151	2	0.000000
151	3	0.000000
152	0	0.000000
152	1	1.000000
152	2	0.000000
152	3	0.000000
153	0	0.000000
153	1	1.000000
153	2	0.000000
153	3	0.000000
154	0	0.000000
154	1	1.000000
154	2	0.000000
154	3	0.000000
155	0	0.000000
155	1	1.000000
155	2	0.000000
155	3	0.000000
156	0	0.000000
156	1	1.000000
156	2	0.000000
156	3	0.000000
157	0	0.000000
157	1	1.000000
157	2	0.000000
157	3	0.000000
158	0	0.000000
158	1	1.000000
158	2	0.000000
158	3	0.000000
159	0	0.000000
159	1	1.000000
159	2	0.000000
159	3	0.000000
160	0	0.000000
160	1	1.000000
160	2	0.000000
160	3	0.000000
161	0	0.000000
161	1	1.000000
161	2	0.000000
161	3	0.000000
162	0	0.000000
162	1	1.000000
162	2	0.000000
162	3	0.000000
163	0	0.000000
163	1	1.000000
163	2	0.000000
163	3	0.000000
164	0	0.000000
164	1	1.000000
164	2	0.000000
164	3	0.000000
165	0	0.000000
165	1	1.000000
165	2	0.000000
165	3	0.000000
166	0	0.000000
166	1	1.000000
166	2	0.000000
166	3	0.000000
167	0	0.000000
167	1	1.000000
167	2	0.000000
167	3	0.000000
168	0	0.000000
168	1	1.000000
168	2	0.000000
168	3	0.000000
169	0	0.000000
169	1	1.000000
169	2	0.000000
169	3	0.000000
170	0	0.000000
170	1	1.000000
170	2	0.000000
170	3	0.000000
171	0	0.000000
171	1	1.000000
171	2	0.000000
171	3	0.000000
172	0	0.000000
172	1	1.000000
172	2	0.000000
172	3	0.000000
173	0	0.000000
173	1	1.000000
173	2	0.000000
173	3	0.000000
174	0	1.000000
174	1	0.000000
174	2	0.000000
174	3	0.000000
175	0	1.000000
175	1	0.000000
175	2	0.000000
175	3	0.000000
176	0	1.000000
176	1	0.000000
176	2	0.000000
176	3	0.000000
177	0	1.000000
177	1	0.000000
177	2	0.000000
177	3	0.000000
178	0	1.000000
178	1	0.000000
178	2	0.000000
178	3	0.000000
179	0	1.000000
179	1	0.000000
179	2	0.000000
179	3	0.000000
180	0	0.000000
180	1	1.000000
180	2	0.000000
180	3	0.000000
181	0	0.000000
181	1	1.000000
181	2	0.000000
181	3	0.000000
182	0	0.000000
182	1	1.000000
182	2	0.000000
182	3	0.000000
183	0	0.000000
183	1	1.000000
183	2	0.000000
183	3	0.000000
184	0	0.000000
184	1	1.000000
184	2	0.000000
184	3	0.000000
185	0	0.000000
185	1	1.000000
185	2	0.000000
185	3	0.000000
186	0	0.000000
186	1	1.000000
186	2	0.000000
186	3	0.000000
187	0	0.000000
187	1	0.000000
187	2	0.000000
187	3	1.000000
188	0	0.000000
188	1	0.000000
188	2	0.000000
188	3	1.000000
189	0	0.000000
189	1	0.000000
189	2	0.000000
189	3	1.000000
190	0	0.000000
190	1	0.000000
190	2	0.000000
190	3	1.000000
191	0	0.000000
191	1	0.000000
191	2	0.000000
191	3	1.000000
192	0	0.000000
192	1	1.000000
192	2	0.000000
192	3	0.000000
193	0	0.000000
193	1	0.000000
193	2	0.000000
193	3	1.000000
194	0	0.000000
194	1	0.000000
194	2	0.000000
194	3	1.000000
195	0	0.000000
195	1	0.000000
195	2	0.000000
195	3	1.000000
196	0	0.000000
196	1	0.000000
196	2	0.000000
196	3	1.000000
197	0	0.000000
197	1	0.000000
197	2	0.000000
197	3	1.000000
198	0	0.000000
198	1	1.000000
198	2	0.000000
198	3	0.000000
199	0	0.000000
199	1	0.000000
199	2	0.000000
199	3	1.000000
200	0	0.000000
200	1	0.000000
200	2	0.000000
200	3	1.000000
201	0	0.000000
201	1	0.000000
201	2	0.000000
201	3	1.000000
202	0	0.000000
202	1	0.000000
202	2	0.000000
202	3	1.000000
203	0	0.000000
203	1	0.000000
203	2	0.000000
203	3	1.000000
204	0	0.000000
204	1	1.000000
204	2	0.000000
204	3	0.000000
205	0	0.000000
205	1	0.000000
205	2	0.000000
205	3	1.000000
206	0	0.000000
206	1	0.000000
206	2	0.000000
206	3	1.000000
207	0	0.000000
207	1	0.000000
207	2	0.000000
207	3	1.000000
208	0	0.000000
208	1	0.000000
208	2	0.000000
208	3	1.000000
209	0	0.000000
209	1	0.000000
209	2	0.000000
209	3	1.000000
210	0	0.000000
210	1	0.000000
210	2	1.000000
210	3	0.000000
211	0	0.000000
211	1	0.000000
211	2	0.000000
211	3	1.000000
212	0	0.000000
212	1	0.000000
212	2	0.000000
212	3	1.000000
213	0	0.000000
213	1	0.000000
213	2	0.000000
213	3	1.000000
214	0	0.000000
214	1	0.000000
214	2	0.000000
214	3	1.000000
215	0	0.000000
215	1	0.000000
215	2	0.000000
215	3	1.000000
216	0	0.000000
216	1	0.000000
216	2	1.000000
216	3	0.000000
217	0	0.000000
217	1	0.000000
217	2	1.000000
217	3	0.000000
218	0	0.000000
218	1	0.000000
218	2	1.000000
218	3	0.000000
219	0	0.000000
219	1	0.000000
219	2	1.000000
219	3	0.000000
220	0	0.000000
220	1	0.000000
220	2	1.000000
220	3	0.000000
221	0	0.000000
221	1	1.000000
221	2	0.000000
221	3	0.000000
222	0	1.000000
222	1	0.000000
222	2	0.000000
222	3	0.000000
223	0	1.000000
223	1	0.000000
223	2	0.000000
223	3	0.000000
224	0	1.000000
224	1	0.000000
224	2	0.000000
224	3	0.000000
225	0	1.000000
225	1	0.000000
225	2	0.000000
225	3	0.000000
226	0	1.000000
226	1	0.000000
226	2	0.000000
226	3	0.000000
227	0	1.000000
227	1	0.000000
227	2	0.000000
227	3	0.000000
228	0	1.000000
228	1	0.000000
228	2	0.000000
228	3	0.000000
229	0	1.000000
229	1	0.000000
229	2	0.000000
229	3	0.000000
230	0	1.000000
230	1	0.000000
230	2	0.000000
230	3	0.000000
231	0	1.000000
231	1	0.000000
231	2	0.000000
231	3	0.000000
232	0	1.000000
232	1	0.000000
232	2	0.000000
232	3	0.000000
233	0	1.000000
233	1	0.000000
233	2	0.000000
233	3	0.000000
234	0	1.000000
234	1	0.000000
234	2	0.000000
234	3	0.000000
235	0	1.000000
235	1	0.000000
235	2	0.000000
235	3	0.000000
236	0	1.000000
236	1	0.000000
236	2	0.000000
236	3	0.000000
237	0	1.000000
237	1	0.000000
237	2	0.000000
237	3	0.000000
238	0	1.000000
238	1	0.000000
238	2	0.000000
238	3	0.000000
239	0	1.000000
239	1	0.000000
239	2	0.000000
239	3	0.000000
240	0	1.000000
240	1	0.000000
240	2	0.000000
240	3	0.000000
241	0	1.000000
241	1	0.000000
241	2	0.000000
241	3	0.000000
242	0	1.000000
242	1	0.000000
242	2	0.000000
242	3	0.000000
243	0	1.000000
243	1	0.000000
243	2	0.000000
243	3	0.000000
244	0	1.000000
244	1	0.000000
244	2	0.000000
244	3	0.000000
245	0	1.000000
245	1	0.000000
245	2	0.000000
245	3	0.000000
246	0	1.000000
246	1	0.000000
246	2	0.000000
246	3	0.000000
247	0	1.000000
247	1	0.000000
247	2	0.000000
247	3	0.000000
248	0	1.000000
248	1	0.000000
248	2	0.000000
248	3	0.000000
249	0	1.000000
249	1	0.000000
249	2	0.000000
249	3	0.000000
250	0	1.000000
250	1	0.000000
250	2	0.000000
250	3	0.000000
251	0	1.000000
251	1	0.000000
251	2	0.000000
251	3	0.000000
252	0	0.000000
252	1	1.000000
252	2	0.000000
252	3	0.000000
253	0	0.000000
253	1	1.000000
253	2	0.000000
253	3	0.000000
254	0	0.000000
254	1	1.000000
254	2	0.000000
254	3	0.000000
255	0	0.000000
255	1	1.000000
255	2	0.000000
255	3	0.000000
256	0	0.000000
256	1	1.000000
256	2	0.000000
256	3	0.000000
257	0	0.000000
257	1	1.000000
257	2	0.000000
257	3	0.000000
258	0	1.000000
258	1	0.000000
258	2	0.000000
258	3	0.000000
259	0	1.000000
259	1	0.000000
259	2	0.000000
259	3	0.000000
260	0	1.000000
260	1	0.000000
260	2	0.000000
260	3	0.000000
261	0	1.000000
261	1	0.000000
261	2	0.000000
261	3	0.000000
262	0	1.000000
262	1	0.000000
262	2	0.000000
262	3	0.000000
263	0	1.000000
263	1	0.000000
263	2	0.000000
263	3	0.000000
264	0	1.000000
264	1	0.000000
264	2	0.000000
264	3	0.000000
265	0	1.000000
265	1	0.000000
265	2	0.000000
265	3	0.000000
266	0	1.000000
266	1	0.000000
266	2	0.000000
266	3	0.000000
267	0	1.000000
267	1	0.000000
267	2	0.000000
267	3	0.000000
268	0	1.000000
268	1	0.000000
268	2	0.000000
268	3	0.000000
269	0	1.000000
269	1	0.000000
269	2	0.000000
269	3	0.000000
270	0	1.000000
270	1	0.000000
270	2	0.000000
270	3	0.000000
271	0	1.000000
271	1	0.000000
271	2	0.000000
271	3	0.000000
272	0	1.000000
272	1	0.000000
272	2	0.000000
272	3	0.000000
273	0	1.000000
273	1	0.000000
273	2	0.000000
273	3	0.000000
274	0	1.000000
274	1	0.000000
274	2	0.000000
274	3	0.000000
275	0	1.000000
275	1	0.000000
275	2	0.000000
275	3	0.000000
276	0	1.000000
276	1	0.000000
276	2	0.000000
276	3	0.000000
277	0	1.000000
277	1	0.000000
277	2	0.000000
277	3	0.000000
278	0	1.000000
278	1	0.000000
278	2	0.000000
278	3	0.000000
279	0	1.000000
279	1	0.000000
279	2	0.000000
279	3	0.000000
280	0	1.000000
280	1	0.000000
280	2	0.000000
280	3	0.000000
281	0	1.000000
281	1	0.000000
281	2	0.000000
281	3	0.000000
282	0	1.000000
282	1	0.000000
282	2	0.000000
282	3	0.000000
283	0	1.000000
283	1	0.000000
283	2	0.000000
283	3	0.000000
284	0	1.000000
284	1	0.000000
284	2	0.000000
284	3	0.000000
285	0	1.000000
285	1	0.000000
285	2	0.000000
285	3	0.000000
286	0	1.000000
286	1	0.000000
286	2	0.000000
286	3	0.000000
287	0	1.000000
287	1	0.000000
287	2	0.000000
287	3	0.000000
288	0	0.000000
288	1	1.000000
288	2	0.000000
288	3	0.000000
289	0	0.000000
289	1	1.000000
289	2	0.000000
289	3	0.000000
290	0	0.000000
290	1	1.000000
290	2	0.000000
290	3	0.000000
291	0	0.000000
291	1	1.000000
291	2	0.000000
291	3	0.000000
292	0	0.000000
292	1	1.000000
292	2	0.000000
292	3	0.000000
293	0	0.000000
293	1	1.000000
293	2	0.000000
293	3	0.000000
294	0	0.000000
294	1	1.000000
294	2	0.000000
294	3	0.000000
295	0	0.000000
295	1	1.000000
295	2	0.000000
295	3	0.000000
296	0	0.000000
296	1	1.000000
296	2	0.000000
296	3	0.000000
297	0	0.000000
297	1	1.000000
297	2	0.000000
297	3	0.000000
298	0	0.000000
298	1	1.000000
298	2	0.000000
298	3	0.000000
299	0	0.000000
299	1	1.000000
299	2	0.000000
299	3	0.000000
300	0	0.000000
300	1	0.000000
300	2	1.000000
300	3	0.000000
301	0	0.000000
301	1	0.000000
301	2	0.000000
301	3	1.000000
302	0	0.000000
302	1	0.000000
302	2	0.000000
302	3	1.000000
303	0	0.000000
303	1	0.000000
303	2	0.000000
303	3	1.000000
304	0	0.000000
304	1	0.000000
304	2	0.000000
304	3	1.000000
305	0	0.000000
305	1	0.000000
305	2	0.000000
305	3	1.000000
306	0	0.000000
306	1	0.000000
306	2	1.000000
306	3	0.000000
307	0	0.000000
307	1	0.000000
307	2	0.000000
307	3	1.000000
308	0	0.000000
308	1	0.000000
308	2	0.000000
308	3	1.000000
309	0	0.000000
309	1	0.000000
309	2	0.000000
309	3	1.000000
310	0	0.000000
310	1	0.000000
310	2	0.000000
310	3	1.000000
311	0	0.000000
311	1	0.000000
311	2	0.000000
311	3	1.000000
312	0	0.000000
312	1	0.000000
312	2	1.000000
312	3	0.000000
313	0	0.000000
313	1	0.000000
313	2	0.000000
313	3	1.000000
314	0	0.000000
314	1	0.000000
314	2	0.000000
314	3	1.000000
315	0	0.000000
315	1	0.000000
315	2	0.000000
315	3	1.000000
316	0	0.000000
316	1	0.000000
316	2	0.000000
316	3	1.000000
317	0	0.000000
317	1	0.000000
317	2	0.000000
317	3	1.000000
318	0	0.000000
318	1	0.000000
318	2	1.000000
318	3	0.000000
319	0	0.000000
319	1	0.000000
319	2	0.000000
319	3	1.000000
320	0	0.000000
320	1	0.000000
320	2	0.000000
320	3	1.000000
321	0	0.000000
321	1	0.000000
321	2	0.000000
321	3	1.000000
322	0	0.000000
322	1	0.000000
322	2	0.000000
322	3	1.000000
323	0	0.000000
323	1	0.000000
323	2	0.000000
323	3	1.000000
324	0	0.000000
324	1	1.000000
324	2	0.000000
324	3	0.000000
325	0	0.000000
325	1	1.000000
325	2	0.000000
325	3	0.000000
326	0	0.000000
326	1	1.000000
326	2	0.000000
326	3	0.000000
327	0	0.000000
327	1	1.000000
327	2	0.000000
327	3	0.000000
328	0	0.000000
328	1	1.000000
328	2	0.000000
328	3	0.000000
329	0	0.000000
329	1	1.000000
329	2	0.000000
329	3	0.000000
330	0	0.000000
330	1	1.000000
330	2	0.000000
330	3	0.000000
331	0	0.000000
331	1	1.000000
331	2	0.000000
331	3	0.000000
332	0	0.000000
332	1	1.000000
332	2	0.000000
332	3	0.000000
333	0	0.000000
333	1	1.000000
333	2	0.000000
333	3	0.000000
334	0	0.000000
334	1	1.000000
334	2	0.000000
334	3	0.000000
335	0	0.000000
335	1	1.000000
335	2	0.000000
335	3	0.000000
336	0	0.000000
336	1	1.000000
336	2	0.000000
336	3	0.000000
337	0	0.000000
337	1	1.000000
337	2	0.000000
337	3	0.000000
338	0	0.000000
338	1	1.000000
338	2	0.000000
338	3	0.000000
339	0	0.000000
339	1	1.000000
339	2	0.000000
339	3	0.000000
340	0	0.000000
340	1	1.000000
340	2	0.000000
340	3	0.000000
341	0	0.000000
341	1	1.000000
341	2	0.000000
341	3	0.000000
342	0	0.000000
342	1	1.000000
342	2	0.000000
342	3	0.000000
343	0	0.000000
343	1	1.000000
343	2	0.000000
343	3	0.000000
344	0	0.000000
344	1	1.000000
344	2	0.000000
344	3	0.000000
345	0	0.000000
345	1	1.000000
345	2	0.000000
345	3	0.000000
346	0	0.000000
346	1	1.000000
346	2	0.000000
346	3	0.000000
347	0	0.000000
347	1	1.000000
347	2	0.000000
347	3	0.000000
348	0	0.000000
348	1	1.000000
348	2	0.000000
348	3	0.000000
349	0	0.000000
349	1	0.000000
349	2	0.000000
349	3	1.000000
350	0	0.000000
350	1	0.000000
350	2	0.000000
350	3	1.000000
351	0	0.000000
351	1	0.000000
351	2	0.000000
351	3	1.000000
352	0	0.000000
352	1	0.000000
352	2	0.000000
352	3	1.000000
353	0	0.000000
353	1	0.000000
353	2	0.000000
353	3	1.000000
354	0	1.000000
354	1	0.000000
354	2	0.000000
354	3	0.000000
355	0	1.000000
355	1	0.000000
355	2	0.000000
355	3	0.000000
356	0	0.000000
356	1	0.000000
356	2	0.000000
356	3	1.000000
357	0	0.000000
357	1	0.000000
357	2	0.000000
357	3	1.000000
358	0	0.000000
358	1	0.000000
358	2	0.000000
358	3	1.000000
359	0	0.000000
359	1	0.000000
359	2	0.000000
359	3	1.000000
360	0	0.000000
360	1	1.000000
360	2	0.000000
360	3	0.000000
361	0	0.000000
361	1	1.000000
361	2	0.000000
361	3	0.000000
362	0	0.000000
362	1	1.000000
362	2	0.000000
362	3	0.000000
363	0	0.000000
363	1	1.000000
363	2	0.000000
363	3	0.000000
364	0	0.000000
364	1	1.000000
364	2	0.000000
364	3	0.000000
365	0	0.000000
365	1	1.000000
365	2	0.000000
365	3	0.000000
366	0	0.000000
366	1	1.000000
366	2	0.000000
366	3	0.000000
367	0	0.000000
367	1	1.000000
367	2	0.000000
367	3	0.000000
368	0	0.000000
368	1	1.000000
368	2	0.000000
368	3	0.000000
369	0	0.000000
369	1	1.000000
369	2	0.000000
369	3	0.000000
370	0	0.000000
370	1	1.000000
370	2	0.000000
370	3	0.000000
371	0	0.000000
371	1	1.000000
371	2	0.000000
371	3	0.000000
372	0	0.000000
372	1	1.000000
372	2	0.000000
372	3	0.000000
373	0	0.000000
373	1	1.000000
373	2	0.000000
373	3	0.000000
374	0	0.000000
374	1	1.000000
374	2	0.000000
374	3	0.000000
375	0	0.000000
375	1	1.000000
375	2	0.000000
375	3	0.000000
376	0	0.000000
376	1	1.000000
376	2	0.000000
376	3	0.000000
377	0	0.000000
377	1	1.000000
377	2	0.000000
377	3	0.000000
378	0	1.000000
378	1	0.000000
378	2	0.000000
378	3	0.000000
379	0	1.000000
379	1	0.000000
379	2	0.000000
379	3	0.000000
380	0	0.000000
380	1	1.000000
380	2	0.000000
380	3	0.000000
381	0	0.000000
381	1	1.000000
381	2	0.000000
381	3	0.000000
382	0	0.000000
382	1	0.000000
382	2	0.000000
382	3	1.000000
383	0	0.000000
383	1	0.000000
383	2	0.000000
383	3	1.000000
384	0	1.000000
384	1	0.000000
384	2	0.000000
384	3	0.000000
385	0	1.000000
385	1	0.000000
385	2	0.000000
385	3	0.000000
386	0	1.000000
386	1	0.000000
386	2	0.000000
386	3	0.000000
387	0	1.000000
387	1	0.000000
387	2	0.000000
387	3	0.000000
388	0	1.000000
388	1	0.000000
388	2	0.000000
388	3	0.000000
389	0	0.000000
389	1	0.000000
389	2	0.000000
389	3	1.000000
390	0	1.000000
390	1	0.000000
390	2	0.000000
390	3	0.000000
391	0	1.000000
391	1	0.000000
391	2	0.000000
391	3	0.000000
392	0	1.000000
392	1	0.000000
392	2	0.000000
392	3	0.000000
393	0	1.000000
393	1	0.000000
393	2	0.000000
393	3	0.000000
394	0	1.000000
394	1	0.000000
394	2	0.000000
394	3	0.000000
395	0	1.000000
395	1	0.000000
395	2	0.000000
395	3	0.000000
396	0	0.000000
396	1	1.000000
396	2	0.000000
396	3	0.000000
397	0	0.000000
397	1	1.000000
397	2	0.000000
397	3	0.000000
398	0	0.000000
398	1	1.000000
398	2	0.000000
398	3	0.000000
399	0	0.000000
399	1	1.000000
399	2	0.000000
399	3	0.000000
400	0	0.000000
400	1	1.000000
400	2	0.000000
400	3	0.000000
401	0	0.000000
401	1	1.000000
401	2	0.000000
401	3	0.000000
402	0	0.000000
402	1	1.000000
402	2	0.000000
402	3	0.000000
403	0	0.000000
403	1	1.000000
403	2	0.000000
403	3	0.000000
404	0	0.000000
404	1	1.000000
404	2	0.000000
404	3	0.000000
405	0	0.000000
405	1	1.000000
405	2	0.000000
405	3	0.000000
406	0	0.000000
406	1	1.000000
406	2	0.000000
406	3	0.000000
407	0	0.000000
407	1	1.000000
407	2	0.000000
407	3	0.000000
408	0	1.000000
408	1	0.000000
408	2	0.000000
408	3	0.000000
409	0	1.000000
409	1	0.000000
409	2	0.000000
409	3	0.000000
410	0	1.000000
410	1	0.000000
410	2	0.000000
410	3	0.000000
411	0	1.000000
411	1	0.000000
411	2	0.000000
411	3	0.000000
412	0	1.000000
412	1	0.000000
412	2	0.000000
412	3	0.000000
413	0	1.000000
413	1	0.000000
413	2	0.000000
413	3	0.000000
414	0	1.000000
414	1	0.000000
414	2	0.000000
414	3	0.000000
415	0	1.000000
415	1	0.000000
415	2	0.000000
415	3	0.000000
416	0	1.000000
416	1	0.000000
416	2	0.000000
416	3	0.000000
417	0	1.000000
417	1	0.000000
417	2	0.000000
417	3	0.000000
418	0	1.000000
418	1	0.000000
418	2	0.000000
418	3	0.000000
419	0	1.000000
419	1	0.000000
419	2	0.000000
419	3	0.000000
420	0	1.000000
420	1	0.000000
420	2	0.000000
420	3	0.000000
421	0	1.000000
421	1	0.000000
421	2	0.000000
421	3	0.000000
422	0	1.000000
422	1	0.000000
422	2	0.000000
422	3	0.000000
423	0	1.000000
423	1	0.000000
423	2	0.000000
423	3	0.000000
424	0	1.000000
424	1	0.000000
424	2	0.000000
424	3	0.000000
425	0	1.000000
425	1	0.000000
425	2	0.000000
425	3	0.000000
426	0	1.000000
426	1	0.000000
426	2	0.000000
426	3	0.000000
427	0	1.000000
427	1	0.000000
427	2	0.000000
427	3	0.000000
428	0	1.000000
428	1	0.000000
428	2	0.000000
428	3	0.000000
429	0	1.000000
429	1	0.000000
429	2	0.000000
429	3	0.000000
430	0	1.000000
430	1	0.000000
430	2	0.000000
430	3	0.000000
431	0	1.000000
431	1	0.000000
431	2	0.000000
431	3	0.000000
432	0	0.000000
432	1	1.000000
432	2	0.000000
432	3	0.000000
433	0	0.000000
433	1	1.000000
433	2	0.000000
433	3	0.000000
434	0	0.000000
434	1	1.000000
434	2	0.000000
434	3	0.000000
435	0	0.000000
435	1	1.000000
435	2	0.000000
435	3	0.000000
436	0	0.000000
436	1	1.000000
436	2	0.000000
436	3	0.000000
437	0	0.000000
437	1	1.000000
437	2	0.000000
437	3	0.000000
438	0	0.000000
438	1	1.000000
438	2	0.000000
438	3	0.000000
439	0	0.000000
439	1	1.000000
439	2	0.000000
439	3	0.000000
440	0	0.000000
440	1	1.000000
440	2	0.000000
440	3	0.000000
441	0	0.000000
441	1	1.000000
441	2	0.000000
441	3	0.000000
442	0	0.000000
442	1	1.000000
442	2	0.000000
442	3	0.000000
443	0	0.000000
443	1	1.000000
443	2	0.000000
443	3	0.000000
444	0	0.000000
444	1	1.000000
444	2	0.000000
444	3	0.000000
445	0	0.000000
445	1	1.000000
445	2	0.000000
445	3	0.000000
446	0	0.000000
446	1	1.000000
446	2	0.000000
446	3	0.000000
447	0	0.000000
447	1	1.000000
447	2	0.000000
447	3	0.000000
448	0	0.000000
448	1	1.000000
448	2	0.000000
448	3	0.000000
449	0	0.000000
449	1	1.000000
449	2	0.000000
449	3	0.000000
450	0	0.000000
450	1	1.000000
450	2	0.000000
450	3	0.000000
451	0	0.000000
451	1	1.000000
451	2	0.000000
451	3	0.000000
452	0	0.000000
452	1	1.000000
452	2	0.000000
452	3	0.000000
453	0	0.000000
453	1	1.000000
453	2	0.000000
453	3	0.000000
454	0	0.000000
454	1	1.000000
454	2	0.000000
454	3	0.000000
455	0	0.000000
455	1	1.000000
455	2	0.000000
455	3	0.000000
456	0	0.000000
456	1	1.000000
456	2	0.000000
456	3	0.000000
457	0	0.000000
457	1	1.000000
457	2	0.000000
457	3	0.000000
458	0	0.000000
458	1	1.000000
458	2	0.000000
458	3	0.000000
459	0	0.000000
459	1	1.000000
459	2	0.000000
459	3	0.000000
460	0	0.000000
460	1	1.000000
460	2	0.000000
460	3	0.000000
461	0	0.000000
461	1	1.000000
461	2	0.000000
461	3	0.000000
462	0	1.000000
462	1	0.000000
462	2	0.000000
462	3	0.000000
463	0	0.000000
463	1	0.000000
463	2	0.000000
463	3	1.000000
464	0	0.000000
464	1	0.000000
464	2	0.000000
464	3	1.000000
465	0	0.000000
465	1	0.000000
465	2	0.000000
465	3	1.000000
466	0	0.000000
466	1	0.000000
466	2	0.000000
466	3	1.000000
467	0	0.000000
467	1	0.000000
467	2	0.000000
467	3	1.000000
468	0	0.000000
468	1	0.000000
468	2	1.000000
468	3	0.000000
469	0	0.000000
469	1	1.000000
469	2	0.000000
469	3	0.000000
470	0	0.000000
470	1	1.000000
470	2	0.000000
470	3	0.000000
471	0	0.000000
471	1	1.000000
471	2	0.000000
471	3	0.000000
472	0	0.000000
472	1	1.000000
472	2	0.000000
472	3	0.000000
473	0	0.000000
473	1	1.000000
473	2	0.000000
473	3	0.000000
474	0	0.000000
474	1	0.000000
474	2	1.000000
474	3	0.000000
475	0	0.000000
475	1	0.000000
475	2	1.000000
475	3	0.000000
476	0	0.000000
476	1	1.000000
476	2	0.000000
476	3	0.000000
477	0	0.000000
477	1	1.000000
477	2	0.000000
477	3	0.000000
478	0	0.000000
478	1	1.000000
478	2	0.000000
478	3	0.000000
479	0	0.000000
479	1	1.000000
479	2	0.000000
479	3	0.000000
480	0	1.000000
480	1	0.000000
480	2	0.000000
480	3	0.000000
481	0	1.000000
481	1	0.000000
481	2	0.000000
481	3	0.000000
482	0	1.000000
482	1	0.000000
482	2	0.000000
482	3	0.000000
483	0	1.000000
483	1	0.000000
483	2	0.000000
483	3	0.000000
484	0	1.000000
484	1	0.000000
484	2	0.000000
484	3	0.000000
485	0	1.000000
485	1	0.000000
485	2	0.000000
485	3	0.000000
486	0	1.000000
486	1	0.000000
486	2	0.000000
486	3	0.000000
487	0	1.000000
487	1	0.000000
487	2	0.000000
487	3	0.000000
488	0	1.000000
488	1	0.000000
488	2	0.000000
488	3	0.000000
489	0	1.000000
489	1	0.000000
489	2	0.000000
489	3	0.000000
490	0	1.000000
490	1	0.000000
490	2	0.000000
490	3	0.000000
491	0	1.000000
491	1	0.000000
491	2	0.000000
491	3	0.000000
492	0	1.000000
492	1	0.000000
492	2	0.000000
492	3	0.000000
493	0	1.000000
493	1	0.000000
493	2	0.000000
493	3	0.000000
494	0	1.000000
494	1	0.000000
494	2	0.000000
494	3	0.000000
495	0	1.000000
495	1	0.000000
495	2	0.000000
495	3	0.000000
496	0	1.000000
496	1	0.000000
496	2	0.000000
496	3	0.000000
497	0	1.000000
497	1	0.000000
497	2	0.000000
497	3	0.000000
498	0	1.000000
498	1	0.000000
498	2	0.000000
498	3	0.000000
499	0	1.000000
499	1	0.000000
499	2	0.000000
499	3	0.000000
500	0	1.000000
500	1	0.000000
500	2	0.000000
500	3	0.000000
501	0	1.000000
501	1	0.000000
501	2	0.000000
501	3	0.000000
502	0	1.000000
502	1	0.000000
502	2	0.000000
502	3	0.000000
503	0	1.000000
503	1	0.000000
503	2	0.000000
503	3	0.000000
504	0	0.000000
504	1	0.000000
504	2	1.000000
504	3	0.000000
505	0	0.000000
505	1	0.000000
505	2	1.000000
505	3	0.000000
506	0	0.000000
506	1	0.000000
506	2	1.000000
506	3	0.000000
507	0	0.000000
507	1	0.000000
507	2	0.000000
507	3	1.000000
508	0	0.000000
508	1	0.000000
508	2	0.000000
508	3	1.000000
509	0	0.000000
509	1	0.000000
509	2	0.000000
509	3	1.000000
510	0	1.000000
510	1	0.000000
510	2	0.000000
510	3	0.000000
511	0	1.000000
511	1	0.000000
511	2	0.000000
511	3	0.000000
512	0	1.000000
512	1	0.000000
512	2	0.000000
512	3	0.000000
513	0	1.000000
513	1	0.000000
513	2	0.000000
513	3	0.000000
514	0	1.000000
514	1	0.000000
514	2	0.000000
514	3	0.000000
515	0	1.000000
515	1	0.000000
515	2	0.000000
515	3	0.000000
516	0	1.000000
516	1	0.000000
516	2	0.000000
516	3	0.000000
517	0	1.000000
517	1	0.000000
517	2	0.000000
517	3	0.000000
518	0	1.000000
518	1	0.000000
518	2	0.000000
518	3	0.000000
519	0	1.000000
519	1	0.000000
519	2	0.000000
519	3	0.000000
520	0	1.000000
520	1	0.000000
520	2	0.000000
520	3	0.000000
521	0	1.000000
521	1	0.000000
521	2	0.000000
521	3	0.000000
522	0	1.000000
522	1	0.000000
522	2	0.000000
522	3	0.000000
523	0	1.000000
523	1	0.000000
523	2	0.000000
523	3	0.000000
524	0	1.000000
524	1	0.000000
524	2	0.000000
524	3	0.000000
525	0	1.000000
525	1	0.000000
525	2	0.000000
525	3	0.000000
526	0	1.000000
526	1	0.000000
526	2	0.000000
526	3	0.000000
527	0	1.000000
527	1	0.000000
527	2	0.000000
527	3	0.000000
528	0	1.000000
528	1	0.000000
528	2	0.000000
528	3	0.000000
529	0	1.000000
529	1	0.000000
529	2	0.000000
529	3	0.000000
530	0	1.000000
530	1	0.000000
530	2	0.000000
530	3	0.000000
531	0	1.000000
531	1	0.000000
531	2	0.000000
531	3	0.000000
532	0	1.000000
532	1	0.000000
532	2	0.000000
532	3	0.000000
533	0	1.000000
533	1	0.000000
533	2	0.000000
533	3	0.000000
534	0	1.000000
534	1	0.000000
534	2	0.000000
534	3	0.000000
535	0	1.000000
535	1	0.000000
535	2	0.000000
535	3	0.000000
536	0	1.000000
536	1	0.000000
536	2	0.000000
536	3	0.000000
537	0	1.000000
537	1	0.000000
537	2	0.000000
537	3	0.000000
538	0	1.000000
538	1	0.000000
538	2	0.000000
538	3	0.000000
539	0	1.000000
539	1	0.000000
539	2	0.000000
539	3	0.000000
540	0	0.000000
540	1	1.000000
540	2	0.000000
540	3	0.000000
541	0	0.000000
541	1	1.000000
541	2	0.000000
541	3	0.000000
542	0	0.000000
542	1	1.000000
542	2	0.000000
542	3	0.000000
543	0	0.000000
543	1	1.000000
543	2	0.000000
543	3	0.000000
544	0	0.000000
544	1	1.000000
544	2	0.000000
544	3	0.000000
545	0	0.000000
545	1	1.000000
545	2	0.000000
545	3	0.000000
546	0	0.000000
546	1	1.000000
546	2	0.000000
546	3	0.000000
547	0	0.000000
547	1	1.000000
547	2	0.000000
547	3	0.000000
548	0	0.000000
548	1	1.000000
548	2	0.000000
548	3	0.000000
549	0	0.000000
549	1	1.000000
549	2	0.000000
549	3	0.000000
550	0	0.000000
550	1	1.000000
550	2	0.000000
550	3	0.000000
551	0	0.000000
551	1	1.000000
551	2	0.000000
551	3	0.000000
552	0	0.000000
552	1	1.000000
552	2	0.000000
552	3	0.000000
553	0	0.000000
553	1	1.000000
553	2	0.000000
553	3	0.000000
554	0	0.000000
554	1	1.000000
554	2	0.000000
554	3	0.000000
555	0	0.000000
555	1	1.000000
555	2	0.000000
555	3	0.000000
556	0	0.000000
556	1	1.000000
556	2	0.000000
556	3	0.000000
557	0	0.000000
557	1	1.000000
557	2	0.000000
557	3	0.000000
558	0	0.000000
558	1	1.000000
558	2	0.000000
558	3	0.000000
559	0	0.000000
559	1	1.000000
559	2	0.000000
559	3	0.000000
560	0	0.000000
560	1	1.000000
560	2	0.000000
560	3	0.000000
561	0	0.000000
561	1	1.000000
561	2	0.000000
561	3	0.000000
562	0	0.000000
562	1	1.000000
562	2	0.000000
562	3	0.000000
563	0	0.000000
563	1	1.000000
563	2	0.000000
563	3	0.000000
564	0	0.000000
564	1	1.000000
564	2	0.000000
564	3	0.000000
565	0	0.000000
565	1	1.000000
565	2	0.000000
565	3	0.000000
566	0	0.000000
566	1	1.000000
566	2	0.000000
566	3	0.000000
567	0	0.000000
567	1	1.000000
567	2	0.000000
567	3	0.000000
568	0	0.000000
568	1	1.000000
568	2	0.000000
568	3	0.000000
569	0	0.000000
569	1	1.000000
569	2	0.000000
569	3	0.000000
570	0	0.000000
570	1	0.000000
570	2	1.000000
570	3	0.000000
571	0	0.000000
571	1	0.000000
571	2	1.000000
571	3	0.000000
572	0	0.000000
572	1	0.000000
572	2	1.000000
572	3	0.000000
573	0	0.000000
573	1	0.000000
573	2	1.000000
573	3	0.000000
574	0	0.000000
574	1	0.000000
574	2	1.000000
574	3	0.000000
575	0	0.000000
575	1	0.000000
575	2	0.000000
575	3	1.000000
576	0	0.000000
576	1	1.000000
576	2	0.000000
576	3	0.000000
577	0	0.000000
577	1	1.000000
577	2	0.000000
577	3	0.000000
578	0	0.000000
578	1	1.000000
578	2	0.000000
578	3	0.000000
579	0	0.000000
579	1	1.000000
579	2	0.000000
579	3	0.000000
580	0	0.000000
580	1	1.000000
580	2	0.000000
580	3	0.000000
581	0	0.000000
581	1	1.000000
581	2	0.000000
581	3	0.000000
582	0	0.000000
582	1	1.000000
582	2	0.000000
582	3	0.000000
583	0	0.000000
583	1	1.000000
583	2	0.000000
583	3	0.000000
584	0	0.000000
584	1	1.000000
584	2	0.000000
584	3	0.000000
585	0	0.000000
585	1	1.000000
585	2	0.000000
585	3	0.000000
586	0	0.000000
586	1	1.000000
586	2	0.000000
586	3	0.000000
587	0	0.000000
587	1	1.000000
587	2	0.000000
587	3	0.000000
588	0	0.000000
588	1	1.000000
588	2	0.000000
588	3	0.000000
589	0	0.000000
589	1	1.000000
589	2	0.000000
589	3	0.000000
590	0	0.000000
590	1	1.000000
590	2	0.000000
590	3	0.000000
591	0	0.000000
591	1	1.000000
591	2	0.000000
591	3	0.000000
592	0	0.000000
592	1	1.000000
592	2	0.000000
592	3	0.000000
593	0	0.000000
593	1	1.000000
593	2	0.000000
593	3	0.000000
594	0	0.000000
594	1	1.000000
594	2	0.000000
594	3	0.000000
595	0	0.000000
595	1	1.000000
595	2	0.000000
595	3	0.000000
596	0	0.000000
596	1	1.000000
596	2	0.000000
596	3	0.000000
597	0	0.000000
597	1	1.000000
597	2	0.000000
597	3	0.000000
598	0	0.000000
598	1	1.000000
598	2	0.000000
598	3	0.000000
599	0	0.000000
599	1	1.000000
599	2	0.000000
599	3	0.000000
600	0	0.000000
600	1	1.000000
600	2	0.000000
600	3	0.000000
601	0	0.000000
601	1	1.000000
601	2	0.000000
601	3	0.000000
602	0	0.000000
602	1	1.000000
602	2	0.000000
602	3	0.000000
603	0	0.000000
603	1	1.000000
603	2	0.000000
603	3	0.000000
604	0	0.000000
604	1	1.000000
604	2	0.000000
604	3	0.000000
605	0	0.000000
605	1	1.000000
605	2	0.000000
605	3	0.000000
606	0	0.000000
606	1	0.000000
606	2	1.000000
606	3	0.000000
607	0	0.000000
607	1	0.000000
607	2	0.000000
607	3	1.000000
608	0	0.000000
608	1	0.000000
608	2	0.000000
608	3	1.000000
609	0	0.000000
609	1	0.000000
609	2	0.000000
609	3	1.000000
610	0	0.000000
610	1	0.000000
610	2	0.000000
610	3	1.000000
611	0	0.000000
611	1	0.000000
611	2	0.000000
611	3	1.000000
612	0	0.000000
612	1	1.000000
612	2	0.000000
612	3	0.000000
613	0	0.000000
613	1	1.000000
613	2	0.000000
613	3	0.000000
614	0	0.000000
614	1	1.000000
614	2	0.000000
614	3	0.000000
615	0	0.000000
615	1	1.000000
615	2	0.000000
615	3	0.000000
616	0	0.000000
616	1	1.000000
616	2	0.000000
616	3	0.000000
617	0	0.000000
617	1	1.000000
617	2	0.000000
617	3	0.000000
618	0	0.000000
618	1	1.000000
618	2	0.000000
618	3	0.000000
619	0	0.000000
619	1	1.000000
619	2	0.000000
619	3	0.000000
620	0	0.000000
620	1	1.000000
620	2	0.000000
620	3	0.000000
621	0	0.000000
621	1	1.000000
621	2	0.000000
621	3	0.000000
622	0	0.000000
622	1	1.000000
622	2	0.000000
622	3	0.000000
623	0	0.000000
623	1	1.000000
623	2	0.000000
623	3	0.000000
624	0	0.000000
624	1	1.000000
624	2	0.000000
624	3	0.000000
625	0	0.000000
625	1	1.000000
625	2	0.000000
625	3	0.000000
626	0	0.000000
626	1	1.000000
626	2	0.000000
626	3	0.000000
627	0	0.000000
627	1	1.000000
627	2	0.000000
627	3	0.000000
628	0	0.000000
628	1	1.000000
628	2	0.000000
628	3	0.000000
629	0	0.000000
629	1	1.000000
629	2	0.000000
629	3	0.000000
630	0	0.000000
630	1	1.000000
630	2	0.000000
630	3	0.000000
631	0	0.000000
631	1	1.000000
631	2	0.000000
631	3	0.000000
632	0	0.000000
632	1	1.000000
632	2	0.000000
632	3	0.000000
633	0	0.000000
633	1	1.000000
633	2	0.000000
633	3	0.000000
634	0	0.000000
634	1	1.000000
634	2	0.000000
634	3	0.000000
635	0	0.000000
635	1	1.000000
635	2	0.000000
635	3	0.000000
636	0	0.000000
636	1	1.000000
636	2	0.000000
636	3	0.000000
637	0	0.000000
637	1	1.000000
637	2	0.000000
637	3	0.000000
638	0	0.000000
638	1	1.000000
638	2	0.000000
638	3	0.000000
639	0	0.000000
639	1	0.000000
639	2	0.000000
639	3	1.000000
640	0	0.000000
640	1	0.000000
640	2	0.000000
640	3	1.000000
641	0	0.000000
641	1	0.000000
641	2	0.000000
641	3	1.000000
642	0	1.000000
642	1	0.000000
642	2	0.000000
642	3	0.000000
643	0	1.000000
643	1	0.000000
643	2	0.000000
643	3	0.000000
644	0	1.000000
644	1	0.000000
644	2	0.000000
644	3	0.000000
645	0	1.000000
645	1	0.000000
645	2	0.000000
645	3	0.000000
646	0	1.000000
646	1	0.000000
646	2	0.000000
646	3	0.000000
647	0	1.000000
647	1	0.000000
647	2	0.000000
647	3	0.000000
648	0	0.000000
648	1	1.000000
648	2	0.000000
648	3	0.000000
649	0	0.000000
649	1	0.000000
649	2	0.000000
649	3	1.000000
650	0	0.000000
650	1	0.000000
650	2	0.000000
650	3	1.000000
651	0	0.000000
651	1	0.000000
651	2	0.000000
651	3	1.000000
652	0	0.000000
652	1	0.000000
652	2	0.000000
652	3	1.000000
653	0	0.000000
653	1	0.000000
653	2	0.000000
653	3	1.000000
654	0	0.000000
654	1	1.000000
654	2	0.000000
654	3	0.000000
655	0	0.000000
655	1	0.000000
655	2	0.000000
655	3	1.000000
656	0	0.000000
656	1	0.000000
656	2	0.000000
656	3	1.000000
657	0	0.000000
657	1	0.000000
657	2	0.000000
657	3	1.000000
658	0	0.000000
658	1	0.000000
658	2	0.000000
658	3	1.000000
659	0	0.000000
659	1	0.000000
659	2	0.000000
659	3	1.000000
660	0	0.000000
660	1	1.000000
660	2	0.000000
660	3	0.000000
661	0	0.000000
661	1	0.000000
661	2	0.000000
661	3	1.000000
662	0	0.000000
662	1	0.000000
662	2	0.000000
662	3	1.000000
663	0	0.000000
663	1	0.000000
663	2	0.000000
663	3	1.000000
664	0	0.000000
664	1	0.000000
664	2	0.000000
664	3	1.000000
665	0	0.000000
665	1	0.000000
665	2	0.000000
665	3	1.000000
666	0	1.000000
666	1	0.000000
666	2	0.000000
666	3	0.000000
667	0	0.000000
667	1	0.000000
667	2	0.000000
667	3	1.000000
668	0	0.000000
668	1	0.000000
668	2	0.000000
668	3	1.000000
669	0	0.000000
669	1	0.000000
669	2	0.000000
669	3	1.000000
670	0	0.000000
670	1	0.000000
670	2	0.000000
670	3	1.000000
671	0	0.000000
671	1	0.000000
671	2	0.000000
671	3	1.000000
672	0	1.000000
672	1	0.000000
672	2	0.000000
672	3	0.000000
673	0	0.000000
673	1	0.000000
673	2	0.000000
673	3	1.000000
674	0	0.000000
674	1	0.000000
674	2	0.000000
674	3	1.000000
675	0	0.000000
675	1	0.000000
675	2	0.000000
675	3	1.000000
676	0	0.000000
676	1	0.000000
676	2	0.000000
676	3	1.000000
677	0	0.000000
677	1	0.000000
677	2	0.000000
677	3	1.000000
678	0	1.000000
678	1	0.000000
678	2	0.000000
678	3	0.000000
679	0	0.000000
679	1	0.000000
679	2	0.000000
679	3	1.000000
680	0	0.000000
680	1	0.000000
680	2	0.000000
680	3	1.000000
681	0	0.000000
681	1	0.000000
681	2	0.000000
681	3	1.000000
682	0	0.000000
682	1	0.000000
682	2	0.000000
682	3	1.000000
683	0	0.000000
683	1	0.000000
683	2	0.000000
683	3	1.000000
684	0	0.000000
684	1	0.000000
684	2	1.000000
684	3	0.000000
685	0	0.000000
685	1	0.000000
685	2	1.000000
685	3	0.000000
686	0	0.000000
686	1	0.000000
686	2	1.000000
686	3	0.000000
687	0	0.000000
687	1	0.000000
687	2	1.000000
687	3	0.000000
688	0	0.000000
688	1	0.000000
688	2	0.000000
688	3	1.000000
689	0	0.000000
689	1	0.000000
689	2	0.000000
689	3	1.000000
690	0	1.000000
690	1	0.000000
690	2	0.000000
690	3	0.000000
691	0	1.000000
691	1	0.000000
691	2	0.000000
691	3	0.000000
692	0	1.000000
692	1	0.000000
692	2	0.000000
692	3	0.000000
693	0	1.000000
693	1	0.000000
693	2	0.000000
693	3	0.000000
694	0	1.000000
694	1	0.000000
694	2	0.000000
694	3	0.000000
695	0	1.000000
695	1	0.000000
695	2	0.000000
695	3	0.000000
696	0	1.000000
696	1	0.000000
696	2	0.000000
696	3	0.000000
697	0	1.000000
697	1	0.000000
697	2	0.000000
697	3	0.000000
698	0	1.000000
698	1	0.000000
698	2	0.000000
698	3	0.000000
699	0	1.000000
699	1	0.000000
699	2	0.000000
699	3	0.000000
700	0	1.000000
700	1	0.000000
700	2	0.000000
700	3	0.000000
701	0	1.000000
701	1	0.000000
701	2	0.000000
701	3	0.000000
702	0	1.000000
702	1	0.000000
702	2	0.000000
702	3	0.000000
703	0	1.000000
703	1	0.000000
703	2	0.000000
703	3	0.000000
704	0	1.000000
704	1	0.000000
704	2	0.000000
704	3	0.000000
705	0	1.000000
705	1	0.000000
705	2	0.000000
705	3	0.000000
706	0	1.000000
706	1	0.000000
706	2	0.000000
706	3	0.000000
707	0	1.000000
707	1	0.000000
707	2	0.000000
707	3	0.000000
708	0	1.000000
708	1	0.000000
708	2	0.000000
708	3	0.000000
709	0	1.000000
709	1	0.000000
709	2	0.000000
709	3	0.000000
710	0	1.000000
710	1	0.000000
710	2	0.000000
710	3	0.000000
711	0	1.000000
711	1	0.000000
711	2	0.000000
711	3	0.000000
712	0	1.000000
712	1	0.000000
712	2	0.000000
712	3	0.000000
713	0	1.000000
713	1	0.000000
713	2	0.000000
713	3	0.000000
714	0	1.000000
714	1	0.000000
714	2	0.000000
714	3	0.000000
715	0	1.000000
715	1	0.000000
715	2	0.000000
715	3	0.000000
716	0	1.000000
716	1	0.000000
716	2	0.000000
716	3	0.000000
717	0	1.000000
717	1	0.000000
717	2	0.000000
717	3	0.000000
718	0	1.000000
718	1	0.000000
718	2	0.000000
718	3	0.000000
719	0	1.000000
719	1	0.000000
719	2	0.000000
719	3	0.000000
720	0	0.000000
720	1	1.000000
720	2	0.000000
720	3	0.000000
721	0	0.000000
721	1	1.000000
721	2	0.000000
721	3	0.000000
722	0	0.000000
722	1	1.000000
722	2	0.000000
722	3	0.000000
723	0	0.000000
723	1	1.000000
723	2	0.000000
723	3	0.000000
724	0	0.000000
724	1	1.000000
724	2	0.000000
724	3	0.000000
725	0	0.000000
725	1	1.000000
725	2	0.000000
725	3	0.000000
726	0	0.000000
726	1	1.000000
726	2	0.000000
726	3	0.000000
727	0	0.000000
727	1	1.000000
727	2	0.000000
727	3	0.000000
728	0	0.000000
728	1	1.000000
728	2	0.000000
728	3	0.000000
729	0	0.000000
729	1	1.000000
729	2	0.000000
729	3	0.000000
730	0	0.000000
730	1	1.000000
730	2	0.000000
730	3	0.000000
731	0	0.000000
731	1	1.000000
731	2	0.000000
731	3	0.000000
732	0	0.000000
732	1	1.000000
732	2	0.000000
732	3	0.000000
733	0	0.000000
733	1	0.000000
733	2	0.000000
733	3	1.000000
734	0	0.000000
734	1	0.000000
734	2	0.000000
734	3	1.000000
735	0	0.000000
735	1	0.000000
735	2	0.000000
735	3	1.000000
736	0	0.000000
736	1	0.000000
736	2	0.000000
736	3	1.000000
737	0	0.000000
737	1	0.000000
737	2	0.000000
737	3	1.000000
738	0	1.000000
738	1	0.000000
738	2	0.000000
738	3	0.000000
739	0	0.000000
739	1	0.000000
739	2	0.000000
739	3	1.000000
740	0	0.000000
740	1	0.000000
740	2	0.000000
740	3	1.000000
741	0	0.000000
741	1	0.000000
741	2	0.000000
741	3	1.000000
742	0	0.000000
742	1	0.000000
742	2	0.000000
742	3	1.000000
743	0	0.000000
743	1	0.000000
743	2	0.000000
743	3	1.000000
744	0	1.000000
744	1	0.000000
744	2	0.000000
744	3	0.000000
745	0	0.000000
745	1	0.000000
745	2	0.000000
745	3	1.000000
746	0	0.000000
746	1	0.000000
746	2	0.000000
746	3	1.000000
747	0	0.000000
747	1	0.000000
747	2	0.000000
747	3	1.000000
748	0	0.000000
748	1	0.000000
748	2	0.000000
748	3	1.000000
749	0	0.000000
749	1	0.000000
749	2	0.000000
749	3	1.000000
750	0	1.000000
750	1	0.000000
750	2	0.000000
750	3	0.000000
751	0	1.000000
751	1	0.000000
751	2	0.000000
751	3	0.000000
752	0	1.000000
752	1	0.000000
752	2	0.000000
752	3	0.000000
753	0	0.000000
753	1	0.000000
753	2	0.000000
753	3	1.000000
754	0	0.000000
754	1	0.000000
754	2	0.000000
754	3	1.000000
755	0	0.000000
755	1	0.000000
755	2	0.000000
755	3	1.000000
756	0	0.000000
756	1	1.000000
756	2	0.000000
756	3	0.000000
757	0	0.000000
757	1	1.000000
757	2	0.000000
757	3	0.000000
758	0	0.000000
758	1	1.000000
758	2	0.000000
758	3	0.000000
759	0	0.000000
759	1	1.000000
759	2	0.000000
759	3	0.000000
760	0	0.000000
760	1	1.000000
760	2	0.000000
760	3	0.000000
761	0	0.000000
761	1	1.000000
761	2	0.000000
761	3	0.000000
762	0	0.000000
762	1	1.000000
762	2	0.000000
762	3	0.000000
763	0	0.000000
763	1	1.000000
763	2	0.000000
763	3	0.000000
764	0	0.000000
764	1	1.000000
764	2	0.000000
764	3	0.000000
765	0	0.000000
765	1	1.000000
765	2	0.000000
765	3	0.000000
766	0	0.000000
766	1	1.000000
766	2	0.000000
766	3	0.000000
767	0	0.000000
767	1	1.000000
767	2	0.000000
767	3	0.000000
768	0	0.000000
768	1	1.000000
768	2	0.000000
768	3	0.000000
769	0	0.000000
769	1	1.000000
769	2	0.000000
769	3	0.000000
770	0	0.000000
770	1	1.000000
770	2	0.000000
770	3	0.000000
771	0	0.000000
771	1	1.000000
771	2	0.000000
771	3	0.000000
772	0	0.000000
772	1	1.000000
772	2	0.000000
772	3	0.000000
773	0	0.000000
773	1	1.000000
773	2	0.000000
773	3	0.000000
774	0	0.000000
774	1	1.000000
774	2	0.000000
774	3	0.000000
775	0	0.000000
775	1	1.000000
775	2	0.000000
775	3	0.000000
776	0	0.000000
776	1	1.000000
776	2	0.000000
776	3	0.000000
777	0	0.000000
777	1	1.000000
777	2	0.000000
777	3	0.000000
778	0	0.000000
778	1	1.000000
778	2	0.000000
778	3	0.000000
779	0	0.000000
779	1	1.000000
779	2	0.000000
779	3	0.000000
780	0	0.000000
780	1	1.000000
780	2	0.000000
780	3	0.000000
781	0	0.000000
781	1	1.000000
781	2	0.000000
781	3	0.000000
782	0	0.000000
782	1	1.000000
782	2	0.000000
782	3	0.000000
783	0	0.000000
783	1	1.000000
783	2	0.000000
783	3	0.000000
784	0	0.000000
784	1	1.000000
784	2	0.000000
784	3	0.000000
785	0	0.000000
785	1	1.000000
785	2	0.000000
785	3	0.000000
786	0	1.000000
786	1	0.000000
786	2	0.000000
786	3	0.000000
787	0	1.000000
787	1	0.000000
787	2	0.000000
787	3	0.000000
788	0	1.000000
788	1	0.000000
788	2	0.000000
788	3	0.000000
789	0	1.000000
789	1	0.000000
789	2	0.000000
789	3	0.000000
790	0	1.000000
790	1	0.000000
790	2	0.000000
790	3	0.000000
791	0	1.000000
791	1	0.000000
791	2	0.000000
791	3	0.000000
792	0	0.000000
792	1	1.000000
792	2	0.000000
792	3	0.000000
793	0	0.000000
793	1	1.000000
793	2	0.000000
793	3	0.000000
794	0	0.000000
794	1	1.000000
794	2	0.000000
794	3	0.000000
795	0	0.000000
795	1	1.000000
795	2	0.000000
795	3	0.000000
796	0	0.000000
796	1	1.000000
796	2	0.000000
796	3	0.000000
797	0	0.000000
797	1	1.000000
797	2	0.000000
797	3	0.000000
798	0	1.000000
798	1	0.000000
798	2	0.000000
798	3	0.000000
799	0	1.000000
799	1	0.000000
799	2	0.000000
799	3	0.000000
800	0	1.000000
800	1	0.000000
800	2	0.000000
800	3	0.000000
801	0	1.000000
801	1	0.000000
801	2	0.000000
801	3	0.000000
802	0	1.000000
802	1	0.000000
802	2	0.000000
802	3	0.000000
803	0	1.000000
803	1	0.000000
803	2	0.000000
803	3	0.000000
804	0	1.000000
804	1	0.000000
804	2	0.000000
804	3	0.000000
805	0	1.000000
805	1	0.000000
805	2	0.000000
805	3	0.000000
806	0	1.000000
806	1	0.000000
806	2	0.000000
806	3	0.000000
807	0	1.000000
807	1	0.000000
807	2	0.000000
807	3	0.000000
808	0	1.000000
808	1	0.000000
808	2	0.000000
808	3	0.000000
809	0	1.000000
809	1	0.000000
809	2	0.000000
809	3	0.000000
810	0	1.000000
810	1	0.000000
810	2	0.000000
810	3	0.000000
811	0	1.000000
811	1	0.000000
811	2	0.000000
811	3	0.000000
812	0	1.000000
812	1	0.000000
812	2	0.000000
812	3	0.000000
813	0	1.000000
813	1	0.000000
813	2	0.000000
813	3	0.000000
814	0	1.000000
814	1	0.000000
814	2	0.000000
814	3	0.000000
815	0	1.000000
815	1	0.000000
815	2	0.000000
815	3	0.000000
816	0	1.000000
816	1	0.000000
816	2	0.000000
816	3	0.000000
817	0	1.000000
817	1	0.000000
817	2	0.000000
817	3	0.000000
818	0	1.000000
818	1	0.000000
818	2	0.000000
818	3	0.000000
819	0	1.000000
819	1	0.000000
819	2	0.000000
819	3	0.000000
820	0	1.000000
820	1	0.000000
820	2	0.000000
820	3	0.000000
821	0	1.000000
821	1	0.000000
821	2	0.000000
821	3	0.000000
822	0	1.000000
822	1	0.000000
822	2	0.000000
822	3	0.000000
823	0	1.000000
823	1	0.000000
823	2	0.000000
823	3	0.000000
824	0	1.000000
824	1	0.000000
824	2	0.000000
824	3	0.000000
825	0	1.000000
825	1	0.000000
825	2	0.000000
825	3	0.000000
826	0	1.000000
826	1	0.000000
826	2	0.000000
826	3	0.000000
827	0	1.000000
827	1	0.000000
827	2	0.000000
827	3	0.000000
828	0	0.000000
828	1	1.000000
828	2	0.000000
828	3	0.000000
829	0	0.000000
829	1	1.000000
829	2	0.000000
829	3	0.000000
830	0	0.000000
830	1	1.000000
830	2	0.000000
830	3	0.000000
831	0	0.000000
831	1	1.000000
831	2	0.000000
831	3	0.000000
832	0	0.000000
832	1	1.000000
832	2	0.000000
832	3	0.000000
833	0	0.000000
833	1	1.000000
833	2	0.000000
833	3	0.000000
834	0	0.000000
834	1	1.000000
834	2	0.000000
834	3	0.000000
835	0	0.000000
835	1	1.000000
835	2	0.000000
835	3	0.000000
836	0	0.000000
836	1	1.000000
836	2	0.000000
836	3	0.000000
837	0	0.000000
837	1	1.000000
837	2	0.000000
837	3	0.000000
838	0	0.000000
838	1	1.000000
838	2	0.000000
838	3	0.000000
839	0	0.000000
839	1	1.000000
839	2	0.000000
839	3	0.000000
840	0	0.000000
840	1	1.000000
840	2	0.000000
840	3	0.000000
841	0	0.000000
841	1	1.000000
841	2	0.000000
841	3	0.000000
842	0	0.000000
842	1	1.000000
842	2	0.000000
842	3	0.000000
843	0	0.000000
843	1	1.000000
843	2	0.000000
843	3	0.000000
844	0	0.000000
844	1	1.000000
844	2	0.000000
844	3	0.000000
845	0	0.000000
845	1	1.000000
845	2	0.000000
845	3	0.000000
846	0	0.000000
846	1	1.000000
846	2	0.000000
846	3	0.000000
847	0	0.000000
847	1	1.000000
847	2	0.000000
847	3	0.000000
848	0	0.000000
848	1	1.000000
848	2	0.000000
848	3	0.000000
849	0	0.000000
849	1	1.000000
849	2	0.000000
849	3	0.000000
850	0	0.000000
850	1	1.000000
850	2	0.000000
850	3	0.000000
851	0	0.000000
851	1	1.000000
851	2	0.000000
851	3	0.000000
852	0	0.000000
852	1	0.000000
852	2	1.000000
852	3	0.000000
853	0	0.000000
853	1	0.000000
853	2	1.000000
853	3	0.000000
854	0	0.000000
854	1	0.000000
854	2	1.000000
854	3	0.000000
855	0	0.000000
855	1	0.000000
855	2	1.000000
855	3	0.000000
856	0	0.000000
856	1	1.000000
856	2	0.000000
856	3	0.000000
857	0	0.000000
857	1	1.000000
857	2	0.000000
857	3	0.000000
858	0	0.000000
858	1	0.000000
858	2	1.000000
858	3	0.000000
859	0	0.000000
859	1	0.000000
859	2	1.000000
859	3	0.000000
860	0	0.000000
860	1	0.000000
860	2	1.000000
860	3	0.000000
861	0	0.000000
861	1	0.000000
861	2	1.000000
861	3	0.000000
862	0	0.000000
862	1	0.000000
862	2	1.000000
862	3	0.000000
863	0	1.000000
863	1	0.000000
863	2	0.000000
863	3	0.000000
864	0	0.000000
864	1	1.000000
864	2	0.000000
864	3	0.000000
865	0	0.000000
865	1	1.000000
865	2	0.000000
865	3	0.000000
866	0	0.000000
866	1	1.000000
866	2	0.000000
866	3	0.000000
867	0	0.000000
867	1	1.000000
867	2	0.000000
867	3	0.000000
868	0	0.000000
868	1	1.000000
868	2	0.000000
868	3	0.000000
869	0	0.000000
869	1	1.000000
869	2	0.000000
869	3	0.000000
870	0	0.000000
870	1	1.000000
870	2	0.000000
870	3	0.000000
871	0	0.000000
871	1	1.000000
871	2	0.000000
871	3	0.000000
872	0	0.000000
872	1	1.000000
872	2	0.000000
872	3	0.000000
873	0	0.000000
873	1	1.000000
873	2	0.000000
873	3	0.000000
874	0	0.000000
874	1	1.000000
874	2	0.000000
874	3	0.000000
875	0	0.000000
875	1	1.000000
875	2	0.000000
875	3	0.000000
876	0	0.000000
876	1	0.000000
876	2	1.000000
876	3	0.000000
877	0	0.000000
877	1	1.000000
877	2	0.000000
877	3	0.000000
878	0	0.000000
878	1	1.000000
878	2	0.000000
878	3	0.000000
879	0	0.000000
879	1	1.000000
879	2	0.000000
879	3	0.000000
880	0	0.000000
880	1	1.000000
880	2	0.000000
880	3	0.000000
881	0	0.000000
881	1	1.000000
881	2	0.000000
881	3	0.000000
882	0	0.000000
882	1	0.000000
882	2	1.000000
882	3	0.000000
883	0	0.000000
883	1	0.000000
883	2	1.000000
883	3	0.000000
884	0	0.000000
884	1	1.000000
884	2	0.000000
884	3	0.000000
885	0	0.000000
885	1	1.000000
885	2	0.000000
885	3	0.000000
886	0	0.000000
886	1	1.000000
886	2	0.000000
886	3	0.000000
887	0	0.000000
887	1	1.000000
887	2	0.000000
887	3	0.000000
888	0	0.000000
888	1	0.000000
888	2	1.000000
888	3	0.000000
889	0	0.000000
889	1	0.000000
889	2	1.000000
889	3	0.000000
890	0	0.000000
890	1	0.000000
890	2	1.000000
890	3	0.000000
891	0	0.000000
891	1	1.000000
891	2	0.000000
891	3	0.000000
892	0	0.000000
892	1	1.000000
892	2	0.000000
892	3	0.000000
893	0	0.000000
893	1	1.000000
893	2	0.000000
893	3	0.000000
894	0	0.000000
894	1	0.000000
894	2	1.000000
894	3	0.000000
895	0	0.000000
895	1	0.000000
895	2	1.000000
895	3	0.000000
896	0	0.000000
896	1	0.000000
896	2	1.000000
896	3	0.000000
897	0	0.000000
897	1	0.000000
897	2	1.000000
897	3	0.000000
898	0	0.000000
898	1	0.000000
898	2	1.000000
898	3	0.000000
899	0	1.000000
899	1	0.000000
899	2	0.000000
899	3	0.000000
900	0	0.000000
900	1	1.000000
900	2	0.000000
900	3	0.000000
901	0	0.000000
901	1	1.000000
901	2	0.000000
901	3	0.000000
902	0	0.000000
902	1	1.000000
902	2	0.000000
902	3	0.000000
903	0	0.000000
903	1	1.000000
903	2	0.000000
903	3	0.000000
904	0	0.000000
904	1	1.000000
904	2	0.000000
904	3	0.000000
905	0	0.000000
905	1	1.000000
905	2	0.000000
905	3	0.000000
906	0	0.000000
906	1	1.000000
906	2	0.000000
906	3	0.000000
907	0	0.000000
907	1	1.000000
907	2	0.000000
907	3	0.000000
908	0	0.000000
908	1	1.000000
908	2	0.000000
908	3	0.000000
909	0	0.000000
909	1	1.000000
909	2	0.000000
909	3	0.000000
910	0	0.000000
910	1	1.000000
910	2	0.000000
910	3	0.000000
911	0	0.000000
911	1	1.000000
911	2	0.000000
911	3	0.000000
912	0	1.000000
912	1	0.000000
912	2	0.000000
912	3	0.000000
913	0	1.000000
913	1	0.000000
913	2	0.000000
913	3	0.000000
914	0	1.000000
914	1	0.000000
914	2	0.000000
914	3	0.000000
915	0	1.000000
915	1	0.000000
915	2	0.000000
915	3	0.000000
916	0	0.000000
916	1	1.000000
916	2	0.000000
916	3	0.000000
917	0	0.000000
917	1	1.000000
917	2	0.000000
917	3	0.000000
918	0	1.000000
918	1	0.000000
918	2	0.000000
918	3	0.000000
919	0	1.000000
919	1	0.000000
919	2	0.000000
919	3	0.000000
920	0	1.000000
920	1	0.000000
920	2	0.000000
920	3	0.000000
921	0	1.000000
921	1	0.000000
921	2	0.000000
921	3	0.000000
922	0	1.000000
922	1	0.000000
922	2	0.000000
922	3	0.000000
923	0	1.000000
923	1	0.000000
923	2	0.000000
923	3	0.000000
924	0	1.000000
924	1	0.000000
924	2	0.000000
924	3	0.000000
925	0	1.000000
925	1	0.000000
925	2	0.000000
925	3	0.000000
926	0	1.000000
926	1	0.000000
926	2	0.000000
926	3	0.000000
927	0	1.000000
927	1	0.000000
927	2	0.000000
927	3	0.000000
928	0	1.000000
928	1	0.000000
928	2	0.000000
928	3	0.000000
929	0	1.000000
929	1	0.000000
929	2	0.000000
929	3	0.000000
930	0	1.000000
930	1	0.000000
930	2	0.000000
930	3	0.000000
931	0	1.000000
931	1	0.000000
931	2	0.000000
931	3	0.000000
932	0	1.000000
932	1	0.000000
932	2	0.000000
932	3	0.000000
933	0	1.000000
933	1	0.000000
933	2	0.000000
933	3	0.000000
934	0	1.000000
934	1	0.000000
934	2	0.000000
934	3	0.000000
935	0	1.000000
935	1	0.000000
935	2	0.000000
935	3	0.000000
936	0	0.000000
936	1	0.000000
936	2	1.000000
936	3	0.000000
937	0	0.000000
937	1	0.000000
937	2	1.000000
937	3	0.000000
938	0	0.000000
938	1	0.000000
938	2	1.000000
938	3	0.000000
939	0	0.000000
939	1	0.000000
939	2	1.000000
939	3	0.000000
940	0	0.000000
940	1	0.000000
940	2	1.000000
940	3	0.000000
941	0	0.000000
941	1	0.000000
941	2	0.000000
941	3	1.000000
942	0	1.000000
942	1	0.000000
942	2	0.000000
942	3	0.000000
943	0	1.000000
943	1	0.000000
943	2	0.000000
943	3	0.000000
944	0	1.000000
944	1	0.000000
944	2	0.000000
944	3	0.000000
945	0	1.000000
945	1	0.000000
945	2	0.000000
945	3	0.000000
946	0	1.000000
946	1	0.000000
946	2	0.000000
946	3	0.000000
947	0	1.000000
947	1	0.000000
947	2	0.000000
947	3	0.000000
948	0	1.000000
948	1	0.000000
948	2	0.000000
948	3	0.000000
949	0	1.000000
949	1	0.000000
949	2	0.000000
949	3	0.000000
950	0	1.000000
950	1	0.000000
950	2	0.000000
950	3	0.000000
951	0	1.000000
951	1	0.000000
951	2	0.000000
951	3	0.000000
952	0	1.000000
952	1	0.000000
952	2	0.000000
952	3	0.000000
953	0	1.000000
953	1	0.000000
953	2	0.000000
953	3	0.000000
954	0	1.000000
954	1	0.000000
954	2	0.000000
954	3	0.000000
955	0	1.000000
955	1	0.000000
955	2	0.000000
955	3	0.000000
956	0	1.000000
956	1	0.000000
956	2	0.000000
956	3	0.000000
957	0	1.000000
957	1	0.000000
957	2	0.000000
957	3	0.000000
958	0	1.000000
958	1	0.000000
958	2	0.000000
958	3	0.000000
959	0	1.000000
959	1	0.000000
959	2	0.000000
959	3	0.000000
960	0	1.000000
960	1	0.000000
960	2	0.000000
960	3	0.000000
961	0	1.000000
961	1	0.000000
961	2	0.000000
961	3	0.000000
962	0	1.000000
962	1	0.000000
962	2	0.000000
962	3	0.000000
963	0	1.000000
963	1	0.000000
963	2	0.000000
963	3	0.000000
964	0	1.000000
964	1	0.000000
964	2	0.000000
964	3	0.000000
965	0	1.000000
965	1	0.000000
965	2	0.000000
965	3	0.000000
966	0	1.000000
966	1	0.000000
966	2	0.000000
966	3	0.000000
967	0	1.000000
967	1	0.000000
967	2	0.000000
967	3	0.000000
968	0	1.000000
968	1	0.000000
968	2	0.000000
968	3	0.000000
969	0	1.000000
969	1	0.000000
969	2	0.000000
969	3	0.000000
970	0	1.000000
970	1	0.000000
970	2	0.000000
970	3	0.000000
971	0	1.000000
971	1	0.000000
971	2	0.000000
971	3	0.000000
972	0	0.000000
972	1	1.000000
972	2	0.000000
972	3	0.000000
973	0	0.000000
973	1	1.000000
973	2	0.000000
973	3	0.000000
974	0	0.000000
974	1	1.000000
974	2	0.000000
974	3	0.000000
975	0	0.000000
975	1	1.000000
975	2	0.000000
975	3	0.000000
976	0	0.000000
976	1	1.000000
976	2	0.000000
976	3	0.000000
977	0	0.000000
977	1	1.000000
977	2	0.000000
977	3	0.000000
978	0	0.000000
978	1	1.000000
978	2	0.000000
978	3	0.000000
979	0	0.000000
979	1	1.000000
979	2	0.000000
979	3	0.000000
980	0	0.000000
980	1	1.000000
980	2	0.000000
980	3	0.000000
981	0	0.000000
981	1	1.000000
981	2	0.000000
981	3	0.000000
982	0	0.000000
982	1	1.000000
982	2	0.000000
982	3	0.000000
983	0	0.000000
983	1	1.000000
983	2	0.000000
983	3	0.000000
984	0	0.000000
984	1	1.000000
984	2	0.000000
984	3	0.000000
985	0	0.000000
985	1	1.000000
985	2	0.000000
985	3	0.000000
986	0	0.000000
986	1	1.000000
986	2	0.000000
986	3	0.000000
987	0	0.000000
987	1	1.000000
987	2	0.000000
987	3	0.000000
988	0	0.000000
988	1	1.000000
988	2	0.000000
988	3	0.000000
989	0	0.000000
989	1	1.000000
989	2	0.000000
989	3	0.000000
990	0	0.000000
990	1	1.000000
990	2	0.000000
990	3	0.000000
991	0	0.000000
991	1	1.000000
991	2	0.000000
991	3	0.000000
992	0	0.000000
992	1	1.000000
992	2	0.000000
992	3	0.000000
993	0	0.000000
993	1	1.000000
993	2	0.000000
993	3	0.000000
994	0	0.000000
994	1	1.000000
994	2	0.000000
994	3	0.000000
995	0	0.000000
995	1	1.000000
995	2	0.000000
995	3	0.000000
996	0	0.000000
996	1	1.000000
996	2	0.000000
996	3	0.000000
997	0	0.000000
997	1	1.000000
997	2	0.000000
997	3	0.000000
998	0	0.000000
998	1	1.000000
998	2	0.000000
998	3	0.000000
999	0	0.000000
999	1	1.000000
999	2	0.000000
999	3	0.000000
1000	0	0.000000
1000	1	1.000000
1000	2	0.000000
1000	3	0.000000
1001	0	0.000000
1001	1	1.000000
1001	2	0.000000
1001	3	0.000000
1002	0	1.000000
1002	1	0.000000
1002	2	0.000000
1002	3	0.000000
1003	0	0.000000
1003	1	0.000000
1003	2	0.000000
1003	3	1.000000
1004	0	0.000000
1004	1	0.000000
1004	2	0.000000
1004	3	1.000000
1005	0	0.000000
1005	1	0.000000
1005	2	0.000000
1005	3	1.000000
1006	0	0.000000
1006	1	0.000000
1006	2	0.000000
1006	3	1.000000
1007	0	0.000000
1007	1	0.000000
1007	2	0.000000
1007	3	1.000000
1008	0	0.000000
1008	1	1.000000
1008	2	0.000000
1008	3	0.000000
1009	0	0.000000
1009	1	1.000000
1009	2	0.000000
1009	3	0.000000
1010	0	0.000000
1010	1	1.000000
1010	2	0.000000
1010	3	0.000000
1011	0	0.000000
1011	1	1.000000
1011	2	0.000000
1011	3	0.000000
1012	0	0.000000
1012	1	1.000000
1012	2	0.000000
1012	3	0.000000
1013	0	0.000000
1013	1	1.000000
1013	2	0.000000
1013	3	0.000000
1014	0	0.000000
1014	1	1.000000
1014	2	0.000000
1014	3	0.000000
1015	0	0.000000
1015	1	1.000000
1015	2	0.000000
1015	3	0.000000
1016	0	0.000000
1016	1	1.000000
1016	2	0.000000
1016	3	0.000000
1017	0	0.000000
1017	1	1.000000
1017	2	0.000000
1017	3	0.000000
1018	0	0.000000
1018	1	1.000000
1018	2	0.000000
1018	3	0.000000
1019	0	0.000000
1019	1	1.000000
1019	2	0.000000
1019	3	0.000000
1020	0	0.000000
1020	1	1.000000
1020	2	0.000000
1020	3	0.000000
1021	0	0.000000
1021	1	1.000000
1021	2	0.000000
1021	3	0.000000
1022	0	0.000000
1022	1	1.000000
1022	2	0.000000
1022	3	0.000000
1023	0	0.000000
1023	1	1.000000
1023	2	0.000000
1023	3	0.000000
1024	0	0.000000
1024	1	1.000000
1024	2	0.000000
1024	3	0.000000
1025	0	0.000000
1025	1	1.000000
1025	2	0.000000
1025	3	0.000000
1026	0	0.000000
1026	1	1.000000
1026	2	0.000000
1026	3	0.000000
1027	0	0.000000
1027	1	1.000000
1027	2	0.000000
1027	3	0.000000
1028	0	0.000000
1028	1	1.000000
1028	2	0.000000
1028	3	0.000000
1029	0	0.000000
1029	1	1.000000
1029	2	0.000000
1029	3	0.000000
1030	0	0.000000
1030	1	1.000000
1030	2	0.000000
1030	3	0.000000
1031	0	0.000000
1031	1	1.000000
1031	2	0.000000
1031	3	0.000000
1032	0	0.000000
1032	1	1.000000
1032	2	0.000000
1032	3	0.000000
1033	0	0.000000
1033	1	1.000000
1033	2	0.000000
1033	3	0.000000
1034	0	0.000000
1034	1	1.000000
1034	2	0.000000
1034	3	0.000000
1035	0	0.000000
1035	1	1.000000
1035	2	0.000000
1035	3	0.000000
1036	0	0.000000
1036	1	1.000000
1036	2	0.000000
1036	3	0.000000
1037	0	0.000000
1037	1	1.000000
1037	2	0.000000
1037	3	0.000000
1038	0	1.000000
1038	1	0.000000
1038	2	0.000000
1038	3	0.000000
1039	0	1.000000
1039	1	0.000000
1039	2	0.000000
1039	3	0.000000
1040	0	1.000000
1040	1	0.000000
1040	2	0.000000
1040	3	0.000000
1041	0	1.000000
1041	1	0.000000
1041	2	0.000000
1041	3	0.000000
1042	0	1.000000
1042	1	0.000000
1042	2	0.000000
1042	3	0.000000
1043	0	1.000000
1043	1	0.000000
1043	2	0.000000
1043	3	0.000000
1044	0	0.000000
1044	1	0.000000
1044	2	1.000000
1044	3	0.000000
1045	0	0.000000
1045	1	0.000000
1045	2	1.000000
1045	3	0.000000
1046	0	0.000000
1046	1	0.000000
1046	2	1.000000
1046	3	0.000000
1047	0	0.000000
1047	1	0.000000
1047	2	1.000000
1047	3	0.000000
1048	0	0.000000
1048	1	0.000000
1048	2	1.000000
1048	3	0.000000
1049	0	0.000000
1049	1	0.000000
1049	2	0.000000
1049	3	1.000000
1050	0	1.000000
1050	1	0.000000
1050	2	0.000000
1050	3	0.000000
1051	0	1.000000
1051	1	0.000000
1051	2	0.000000
1051	3	0.000000
1052	0	1.000000
1052	1	0.000000
1052	2	0.000000
1052	3	0.000000
1053	0	1.000000
1053	1	0.000000
1053	2	0.000000
1053	3	0.000000
1054	0	1.000000
1054	1	0.000000
1054	2	0.000000
1054	3	0.000000
1055	0	1.000000
1055	1	0.000000
1055	2	0.000000
1055	3	0.000000
1056	0	1.000000
1056	1	0.000000
1056	2	0.000000
1056	3	0.000000
1057	0	1.000000
1057	1	0.000000
1057	2	0.000000
1057	3	0.000000
1058	0	1.000000
1058	1	0.000000
1058	2	0.000000
1058	3	0.000000
1059	0	1.000000
1059	1	0.000000
1059	2	0.000000
1059	3	0.000000
1060	0	1.000000
1060	1	0.000000
1060	2	0.000000
1060	3	0.000000
1061	0	1.000000
1061	1	0.000000
1061	2	0.000000
1061	3	0.000000
1062	0	1.000000
1062	1	0.000000
1062	2	0.000000
1062	3	0.000000
1063	0	1.000000
1063	1	0.000000
1063	2	0.000000
1063	3	0.000000
1064	0	1.000000
1064	1	0.000000
1064	2	0.000000
1064	3	0.000000
1065	0	1.000000
1065	1	0.000000
1065	2	0.000000
1065	3	0.000000
1066	0	1.000000
1066	1	0.000000
1066	2	0.000000
1066	3	0.000000
1067	0	1.000000
1067	1	0.000000
1067	2	0.000000
1067	3	0.000000
1068	0	1.000000
1068	1	0.000000
1068	2	0.000000
1068	3	0.000000
1069	0	1.000000
1069	1	0.000000
1069	2	0.000000
1069	3	0.000000
1070	0	1.000000
1070	1	0.000000
1070	2	0.000000
1070	3	0.000000
1071	0	1.000000
1071	1	0.000000
1071	2	0.000000
1071	3	0.000000
1072	0	1.000000
1072	1	0.000000
1072	2	0.000000
1072	3	0.000000
1073	0	1.000000
1073	1	0.000000
1073	2	0.000000
1073	3	0.000000
1074	0	1.000000
1074	1	0.000000
1074	2	0.000000
1074	3	0.000000
1075	0	1.000000
1075	1	0.000000
1075	2	0.000000
1075	3	0.000000
1076	0	1.000000
1076	1	0.000000
1076	2	0.000000
1076	3	0.000000
1077	0	1.000000
1077	1	0.000000
1077	2	0.000000
1077	3	0.000000
1078	0	1.000000
1078	1	0.000000
1078	2	0.000000
1078	3	0.000000
1079	0	1.000000
1079	1	0.000000
1079	2	0.000000
1079	3	0.000000
1080	0	0.000000
1080	1	1.000000
1080	2	0.000000
1080	3	0.000000
1081	0	0.000000
1081	1	1.000000
1081	2	0.000000
1081	3	0.000000
1082	0	0.000000
1082	1	1.000000
1082	2	0.000000
1082	3	0.000000
1083	0	0.000000
1083	1	1.000000
1083	2	0.000000
1083	3	0.000000
1084	0	0.000000
1084	1	1.000000
1084	2	0.000000
1084	3	0.000000
1085	0	0.000000
1085	1	1.000000
1085	2	0.000000
1085	3	0.000000
1086	0	0.000000
1086	1	1.000000
1086	2	0.000000
1086	3	0.000000
1087	0	0.000000
1087	1	1.000000
1087	2	0.000000
1087	3	0.000000
1088	0	0.000000
1088	1	1.000000
1088	2	0.000000
1088	3	0.000000
1089	0	0.000000
1089	1	1.000000
1089	2	0.000000
1089	3	0.000000
1090	0	0.000000
1090	1	1.000000
1090	2	0.000000
1090	3	0.000000
1091	0	0.000000
1091	1	1.000000
1091	2	0.000000
1091	3	0.000000
1092	0	0.000000
1092	1	1.000000
1092	2	0.000000
1092	3	0.000000
1093	0	0.000000
1093	1	1.000000
1093	2	0.000000
1093	3	0.000000
1094	0	0.000000
1094	1	1.000000
1094	2	0.000000
1094	3	0.000000
1095	0	0.000000
1095	1	1.000000
1095	2	0.000000
1095	3	0.000000
1096	0	0.000000
1096	1	1.000000
1096	2	0.000000
1096	3	0.000000
1097	0	0.000000
1097	1	1.000000
1097	2	0.000000
1097	3	0.000000
1098	0	0.000000
1098	1	1.000000
1098	2	0.000000
1098	3	0.000000
1099	0	0.000000
1099	1	1.000000
1099	2	0.000000
1099	3	0.000000
1100	0	0.000000
1100	1	1.000000
1100	2	0.000000
1100	3	0.000000
1101	0	0.000000
1101	1	1.000000
1101	2	0.000000
1101	3	0.000000
1102	0	0.000000
1102	1	1.000000
1102	2	0.000000
1102	3	0.000000
1103	0	0.000000
1103	1	1.000000
1103	2	0.000000
1103	3	0.000000
1104	0	0.000000
1104	1	1.000000
1104	2	0.000000
1104	3	0.000000
1105	0	0.000000
1105	1	1.000000
1105	2	0.000000
1105	3	0.000000
1106	0	0.000000
1106	1	1.000000
1106	2	0.000000
1106	3	0.000000
1107	0	0.000000
1107	1	1.000000
1107	2	0.000000
1107	3	0.000000
1108	0	0.000000
1108	1	1.000000
1108	2	0.000000
1108	3	0.000000
1109	0	0.000000
1109	1	1.000000
1109	2	0.000000
1109	3	0.000000
1110	0	0.000000
1110	1	0.000000
1110	2	1.000000
1110	3	0.000000
1111	0	0.000000
1111	1	0.000000
1111	2	1.000000
1111	3	0.000000
1112	0	0.000000
1112	1	0.000000
1112	2	1.000000
1112	3	0.000000
1113	0	0.000000
1113	1	0.000000
1113	2	1.000000
1113	3	0.000000
1114	0	0.000000
1114	1	0.000000
1114	2	1.000000
1114	3	0.000000
1115	0	0.000000
1115	1	0.000000
1115	2	0.000000
1115	3	1.000000
1116	0	0.000000
1116	1	1.000000
1116	2	0.000000
1116	3	0.000000
1117	0	0.000000
1117	1	0.000000
1117	2	0.000000
1117	3	1.000000
1118	0	0.000000
1118	1	0.000000
1118	2	0.000000
1118	3	1.000000
1119	0	0.000000
1119	1	0.000000
1119	2	0.000000
1119	3	1.000000
1120	0	0.000000
1120	1	0.000000
1120	2	0.000000
1120	3	1.000000
1121	0	0.000000
1121	1	0.000000
1121	2	0.000000
1121	3	1.000000
1122	0	0.000000
1122	1	1.000000
1122	2	0.000000
1122	3	0.000000
1123	0	0.000000
1123	1	0.000000
1123	2	0.000000
1123	3	1.000000
1124	0	0.000000
1124	1	0.000000
1124	2	0.000000
1124	3	1.000000
1125	0	0.000000
1125	1	0.000000
1125	2	0.000000
1125	3	1.000000
1126	0	0.000000
1126	1	0.000000
1126	2	0.000000
1126	3	1.000000
1127	0	0.000000
1127	1	0.000000
1127	2	0.000000
1127	3	1.000000
1128	0	1.000000
1128	1	0.000000
1128	2	0.000000
1128	3	0.000000
1129	0	0.000000
1129	1	0.000000
1129	2	0.000000
1129	3	1.000000
1130	0	0.000000
1130	1	0.000000
1130	2	0.000000
1130	3	1.000000
1131	0	0.000000
1131	1	0.000000
1131	2	0.000000
1131	3	1.000000
1132	0	0.000000
1132	1	0.000000
1132	2	0.000000
1132	3	1.000000
1133	0	0.000000
1133	1	0.000000
1133	2	0.000000
1133	3	1.000000
1134	0	1.000000
1134	1	0.000000
1134	2	0.000000
1134	3	0.000000
1135	0	0.000000
1135	1	0.000000
1135	2	0.000000
1135	3	1.000000
1136	0	0.000000
1136	1	0.000000
1136	2	0.000000
1136	3	1.000000
1137	0	0.000000
1137	1	0.000000
1137	2	0.000000
1137	3	1.000000
1138	0	0.000000
1138	1	0.000000
1138	2	0.000000
1138	3	1.000000
1139	0	0.000000
1139	1	0.000000
1139	2	0.000000
1139	3	1.000000
1140	0	1.000000
1140	1	0.000000
1140	2	0.000000
1140	3	0.000000
1141	0	0.000000
1141	1	0.000000
1141	2	0.000000
1141	3	1.000000
1142	0	0.000000
1142	1	0.000000
1142	2	0.000000
1142	3	1.000000
1143	0	0.000000
1143	1	0.000000
1143	2	0.000000
1143	3	1.000000
1144	0	0.000000
1144	1	0.000000
1144	2	0.000000
1144	3	1.000000
1145	0	0.000000
1145	1	0.000000
1145	2	0.000000
1145	3	1.000000
1146	0	1.000000
1146	1	0.000000
1146	2	0.000000
1146	3	0.000000
1147	0	0.000000
1147	1	0.000000
1147	2	0.000000
1147	3	1.000000
1148	0	0.000000
1148	1	0.000000
1148	2	0.000000
1148	3	1.000000
1149	0	0.000000
1149	1	0.000000
1149	2	0.000000
1149	3	1.000000
1150	0	0.000000
1150	1	0.000000
1150	2	0.000000
1150	3	1.000000
1151	0	0.000000
1151	1	0.000000
1151	2	0.000000
1151	3	1.000000
1152	0	0.000000
1152	1	1.000000
1152	2	0.000000
1152	3	0.000000
1153	0	0.000000
1153	1	1.000000
1153	2	0.000000
1153	3	0.000000
1154	0	0.000000
1154	1	1.000000
1154	2	0.000000
1154	3	0.000000
1155	0	0.000000
1155	1	1.000000
1155	2	0.000000
1155	3	0.000000
1156	0	0.000000
1156	1	1.000000
1156	2	0.000000
1156	3	0.000000
1157	0	0.000000
1157	1	1.000000
1157	2	0.000000
1157	3	0.000000
1158	0	1.000000
1158	1	0.000000
1158	2	0.000000
1158	3	0.000000
1159	0	1.000000
1159	1	0.000000
1159	2	0.000000
1159	3	0.000000
1160	0	1.000000
1160	1	0.000000
1160	2	0.000000
1160	3	0.000000
1161	0	1.000000
1161	1	0.000000
1161	2	0.000000
1161	3	0.000000
1162	0	1.000000
1162	1	0.000000
1162	2	0.000000
1162	3	0.000000
1163	0	1.000000
1163	1	0.000000
1163	2	0.000000
1163	3	0.000000
1164	0	1.000000
1164	1	0.000000
1164	2	0.000000
1164	3	0.000000
1165	0	1.000000
1165	1	0.000000
1165	2	0.000000
1165	3	0.000000
1166	0	1.000000
1166	1	0.000000
1166	2	0.000000
1166	3	0.000000
1167	0	1.000000
1167	1	0.000000
1167	2	0.000000
1167	3	0.000000
1168	0	1.000000
1168	1	0.000000
1168	2	0.000000
1168	3	0.000000
1169	0	1.000000
1169	1	0.000000
1169	2	0.000000
1169	3	0.000000
1170	0	1.000000
1170	1	0.000000
1170	2	0.000000
1170	3	0.000000
1171	0	1.000000
1171	1	0.000000
1171	2	0.000000
1171	3	0.000000
1172	0	1.000000
1172	1	0.000000
1172	2	0.000000
1172	3	0.000000
1173	0	1.000000
1173	1	0.000000
1173	2	0.000000
1173	3	0.000000
1174	0	1.000000
1174	1	0.000000
1174	2	0.000000
1174	3	0.000000
1175	0	1.000000
1175	1	0.000000
1175	2	0.000000
1175	3	0.000000
1176	0	1.000000
1176	1	0.000000
1176	2	0.000000
1176	3	0.000000
1177	0	1.000000
1177	1	0.000000
1177	2	0.000000
1177	3	0.000000
1178	0	1.000000
1178	1	0.000000
1178	2	0.000000
1178	3	0.000000
1179	0	1.000000
1179	1	0.000000
1179	2	0.000000
1179	3	0.000000
1180	0	1.000000
1180	1	0.000000
1180	2	0.000000
1180	3	0.000000
1181	0	1.000000
1181	1	0.000000
1181	2	0.000000
1181	3	0.000000
1182	0	1.000000
1182	1	0.000000
1182	2	0.000000
1182	3	0.000000
1183	0	1.000000
1183	1	0.000000
1183	2	0.000000
1183	3	0.000000
1184	0	1.000000
1184	1	0.000000
1184	2	0.000000
1184	3	0.000000
1185	0	1.000000
1185	1	0.000000
1185	2	0.000000
1185	3	0.000000
1186	0	1.000000
1186	1	0.000000
1186	2	0.000000
1186	3	0.000000
1187	0	1.000000
1187	1	0.000000
1187	2	0.000000
1187	3	0.000000
1188	0	0.000000
1188	1	1.000000
1188	2	0.000000
1188	3	0.000000
1189	0	0.000000
1189	1	1.000000
1189	2	0.000000
1189	3	0.000000
1190	0	0.000000
1190	1	1.000000
1190	2	0.000000
1190	3	0.000000
1191	0	0.000000
1191	1	1.000000
1191	2	0.000000
1191	3	0.000000
1192	0	0.000000
1192	1	1.000000
1192	2	0.000000
1192	3	0.000000
1193	0	0.000000
1193	1	1.000000
1193	2	0.000000
1193	3	0.000000
1194	0	1.000000
1194	1	0.000000
1194	2	0.000000
1194	3	0.000000
1195	0	0.000000
1195	1	0.000000
1195	2	0.000000
1195	3	1.000000
1196	0	0.000000
1196	1	0.000000
1196	2	0.000000
1196	3	1.000000
1197	0	0.000000
1197	1	0.000000
1197	2	0.000000
1197	3	1.000000
1198	0	0.000000
1198	1	0.000000
1198	2	0.000000
1198	3	1.000000
1199	0	0.000000
1199	1	0.000000
1199	2	0.000000
1199	3	1.000000
1200	0	1.000000
1200	1	0.000000
1200	2	0.000000
1200	3	0.000000
1201	0	1.000000
1201	1	0.000000
1201	2	0.000000
1201	3	0.000000
1202	0	1.000000
1202	1	0.000000
1202	2	0.000000
1202	3	0.000000
1203	0	1.000000
1203	1	0.000000
1203	2	0.000000
1203	3	0.000000
1204	0	1.000000
1204	1	0.000000
1204	2	0.000000
1204	3	0.000000
1205	0	1.000000
1205	1	0.000000
1205	2	0.000000
1205	3	0.000000
1206	0	1.000000
1206	1	0.000000
1206	2	0.000000
1206	3	0.000000
1207	0	1.000000
1207	1	0.000000
1207	2	0.000000
1207	3	0.000000
1208	0	1.000000
1208	1	0.000000
1208	2	0.000000
1208	3	0.000000
1209	0	1.000000
1209	1	0.000000
1209	2	0.000000
1209	3	0.000000
1210	0	1.000000
1210	1	0.000000
1210	2	0.000000
1210	3	0.000000
1211	0	1.000000
1211	1	0.000000
1211	2	0.000000
1211	3	0.000000
1212	0	1.000000
1212	1	0.000000
1212	2	0.000000
1212	3	0.000000
1213	0	1.000000
1213	1	0.000000
1213	2	0.000000
1213	3	0.000000
1214	0	1.000000
1214	1	0.000000
1214	2	0.000000
1214	3	0.000000
1215	0	1.000000
1215	1	0.000000
1215	2	0.000000
1215	3	0.000000
1216	0	1.000000
1216	1	0.000000
1216	2	0.000000
1216	3	0.000000
1217	0	1.000000
1217	1	0.000000
1217	2	0.000000
1217	3	0.000000
1218	0	1.000000
1218	1	0.000000
1218	2	0.000000
1218	3	0.000000
1219	0	1.000000
1219	1	0.000000
1219	2	0.000000
1219	3	0.000000
1220	0	1.000000
1220	1	0.000000
1220	2	0.000000
1220	3	0.000000
1221	0	1.000000
1221	1	0.000000
1221	2	0.000000
1221	3	0.000000
1222	0	1.000000
1222	1	0.000000
1222	2	0.000000
1222	3	0.000000
1223	0	1.000000
1223	1	0.000000
1223	2	0.000000
1223	3	0.000000
1224	0	0.000000
1224	1	1.000000
1224	2	0.000000
1224	3	0.000000
1225	0	0.000000
1225	1	1.000000
1225	2	0.000000
1225	3	0.000000
1226	0	0.000000
1226	1	1.000000
1226	2	0.000000
1226	3	0.000000
1227	0	0.000000
1227	1	1.000000
1227	2	0.000000
1227	3	0.000000
1228	0	0.000000
1228	1	1.000000
1228	2	0.000000
1228	3	0.000000
1229	0	0.000000
1229	1	1.000000
1229	2	0.000000
1229	3	0.000000
1230	0	0.000000
1230	1	0.000000
1230	2	1.000000
1230	3	0.000000
1231	0	0.000000
1231	1	1.000000
1231	2	0.000000
1231	3	0.000000
1232	0	0.000000
1232	1	1.000000
1232	2	0.000000
1232	3	0.000000
1233	0	0.000000
1233	1	1.000000
1233	2	0.000000
1233	3	0.000000
1234	0	0.000000
1234	1	1.000000
1234	2	0.000000
1234	3	0.000000
1235	0	0.000000
1235	1	1.000000
1235	2	0.000000
1235	3	0.000000
1236	0	0.000000
1236	1	0.000000
1236	2	1.000000
1236	3	0.000000
1237	0	0.000000
1237	1	0.000000
1237	2	1.000000
1237	3	0.000000
1238	0	0.000000
1238	1	0.000000
1238	2	1.000000
1238	3	0.000000
1239	0	0.000000
1239	1	1.000000
1239	2	0.000000
1239	3	0.000000
1240	0	0.000000
1240	1	1.000000
1240	2	0.000000
1240	3	0.000000
1241	0	0.000000
1241	1	1.000000
1241	2	0.000000
1241	3	0.000000
1242	0	0.000000
1242	1	0.000000
1242	2	1.000000
1242	3	0.000000
1243	0	0.000000
1243	1	0.000000
1243	2	1.000000
1243	3	0.000000
1244	0	0.000000
1244	1	0.000000
1244	2	1.000000
1244	3	0.000000
1245	0	0.000000
1245	1	0.000000
1245	2	1.000000
1245	3	0.000000
1246	0	0.000000
1246	1	0.000000
1246	2	1.000000
1246	3	0.000000
1247	0	0.000000
1247	1	1.000000
1247	2	0.000000
1247	3	0.000000
1248	0	0.000000
1248	1	0.000000
1248	2	1.000000
1248	3	0.000000
1249	0	0.000000
1249	1	0.000000
1249	2	1.000000
1249	3	0.000000
1250	0	0.000000
1250	1	0.000000
1250	2	1.000000
1250	3	0.000000
1251	0	0.000000
1251	1	0.000000
1251	2	1.000000
1251	3	0.000000
1252	0	0.000000
1252	1	0.000000
1252	2	1.000000
1252	3	0.000000
1253	0	0.000000
1253	1	1.000000
1253	2	0.000000
1253	3	0.000000
1254	0	0.000000
1254	1	0.000000
1254	2	1.000000
1254	3	0.000000
1255	0	0.000000
1255	1	0.000000
1255	2	1.000000
1255	3	0.000000
1256	0	0.000000
1256	1	0.000000
1256	2	1.000000
1256	3	0.000000
1257	0	0.000000
1257	1	0.000000
1257	2	1.000000
1257	3	0.000000
1258	0	0.000000
1258	1	0.000000
1258	2	1.000000
1258	3	0.000000
1259	0	1.000000
1259	1	0.000000
1259	2	0.000000
1259	3	0.000000
1260	0	0.000000
1260	1	1.000000
1260	2	0.000000
1260	3	0.000000
1261	0	0.000000
1261	1	1.000000
1261	2	0.000000
1261	3	0.000000
1262	0	0.000000
1262	1	1.000000
1262	2	0.000000
1262	3	0.000000
1263	0	0.000000
1263	1	1.000000
1263	2	0.000000
1263	3	0.000000
1264	0	0.000000
1264	1	1.000000
1264	2	0.000000
1264	3	0.000000
1265	0	0.000000
1265	1	1.000000
1265	2	0.000000
1265	3	0.000000
1266	0	0.000000
1266	1	1.000000
1266	2	0.000000
1266	3	0.000000
1267	0	0.000000
1267	1	1.000000
1267	2	0.000000
1267	3	0.000000
1268	0	0.000000
1268	1	1.000000
1268	2	0.000000
1268	3	0.000000
1269	0	0.000000
1269	1	1.000000
1269	2	0.000000
1269	3	0.000000
1270	0	0.000000
1270	1	1.000000
1270	2	0.000000
1270	3	0.000000
1271	0	0.000000
1271	1	1.000000
1271	2	0.000000
1271	3	0.000000
1272	0	1.000000
1272	1	0.000000
1272	2	0.000000
1272	3	0.000000
1273	0	0.000000
1273	1	1.000000
1273	2	0.000000
1273	3	0.000000
1274	0	0.000000
1274	1	1.000000
1274	2	0.000000
1274	3	0.000000
1275	0	0.000000
1275	1	1.000000
1275	2	0.000000
1275	3	0.000000
1276	0	0.000000
1276	1	1.000000
1276	2	0.000000
1276	3	0.000000
1277	0	0.000000
1277	1	1.000000
1277	2	0.000000
1277	3	0.000000
1278	0	1.000000
1278	1	0.000000
1278	2	0.000000
1278	3	0.000000
1279	0	1.000000
1279	1	0.000000
1279	2	0.000000
1279	3	0.000000
1280	0	1.000000
1280	1	0.000000
1280	2	0.000000
1280	3	0.000000
1281	0	1.000000
1281	1	0.000000
1281	2	0.000000
1281	3	0.000000
1282	0	0.000000
1282	1	1.000000
1282	2	0.000000
1282	3	0.000000
1283	0	0.000000
1283	1	1.000000
1283	2	0.000000
1283	3	0.000000
1284	0	1.000000
1284	1	0.000000
1284	2	0.000000
1284	3	0.000000
1285	0	1.000000
1285	1	0.000000
1285	2	0.000000
1285	3	0.000000
1286	0	1.000000
1286	1	0.000000
1286	2	0.000000
1286	3	0.000000
1287	0	1.000000
1287	1	0.000000
1287	2	0.000000
1287	3	0.000000
1288	0	1.000000
1288	1	0.000000
1288	2	0.000000
1288	3	0.000000
1289	0	1.000000
1289	1	0.000000
1289	2	0.000000
1289	3	0.000000
1290	0	1.000000
1290	1	0.000000
1290	2	0.000000
1290	3	0.000000
1291	0	1.000000
1291	1	0.000000
1291	2	0.000000
1291	3	0.000000
1292	0	1.000000
1292	1	0.000000
1292	2	0.000000
1292	3	0.000000
1293	0	1.000000
1293	1	0.000000
1293	2	0.000000
1293	3	0.000000
1294	0	1.000000
1294	1	0.000000
1294	2	0.000000
1294	3	0.000000
1295	0	1.000000
1295	1	0.000000
1295	2	0.000000
1295	3	0.000000
1296	0	0.000000
1296	1	0.000000
1296	2	1.000000
1296	3	0.000000
1297	0	0.000000
1297	1	0.000000
1297	2	1.000000
1297	3	0.000000
1298	0	0.000000
1298	1	0.000000
1298	2	1.000000
1298	3	0.000000
1299	0	0.000000
1299	1	0.000000
1299	2	1.000000
1299	3	0.000000
1300	0	0.000000
1300	1	0.000000
1300	2	1.000000
1300	3	0.000000
1301	0	0.000000
1301	1	0.000000
1301	2	0.000000
1301	3	1.000000
1302	0	1.000000
1302	1	0.000000
1302	2	0.000000
1302	3	0.000000
1303	0	1.000000
1303	1	0.000000
1303	2	0.000000
1303	3	0.000000
1304	0	1.000000
1304	1	0.000000
1304	2	0.000000
1304	3	0.000000
1305	0	1.000000
1305	1	0.000000
1305	2	0.000000
1305	3	0.000000
1306	0	1.000000
1306	1	0.000000
1306	2	0.000000
1306	3	0.000000
1307	0	1.000000
1307	1	0.000000
1307	2	0.000000
1307	3	0.000000
1308	0	1.000000
1308	1	0.000000
1308	2	0.000000
1308	3	0.000000
1309	0	1.000000
1309	1	0.000000
1309	2	0.000000
1309	3	0.000000
1310	0	1.000000
1310	1	0.000000
1310	2	0.000000
1310	3	0.000000
1311	0	1.000000
1311	1	0.000000
1311	2	0.000000
1311	3	0.000000
1312	0	1.000000
1312	1	0.000000
1312	2	0.000000
1312	3	0.000000
1313	0	1.000000
1313	1	0.000000
1313	2	0.000000
1313	3	0.000000
1314	0	1.000000
1314	1	0.000000
1314	2	0.000000
1314	3	0.000000
1315	0	1.000000
1315	1	0.000000
1315	2	0.000000
1315	3	0.000000
1316	0	1.000000
1316	1	0.000000
1316	2	0.000000
1316	3	0.000000
1317	0	1.000000
1317	1	0.000000
1317	2	0.000000
1317	3	0.000000
1318	0	1.000000
1318	1	0.000000
1318	2	0.000000
1318	3	0.000000
1319	0	1.000000
1319	1	0.000000
1319	2	0.000000
1319	3	0.000000
1320	0	1.000000
1320	1	0.000000
1320	2	0.000000
1320	3	0.000000
1321	0	1.000000
1321	1	0.000000
1321	2	0.000000
1321	3	0.000000
1322	0	1.000000
1322	1	0.000000
1322	2	0.000000
1322	3	0.000000
1323	0	1.000000
1323	1	0.000000
1323	2	0.000000
1323	3	0.000000
1324	0	1.000000
1324	1	0.000000
1324	2	0.000000
1324	3	0.000000
1325	0	1.000000
1325	1	0.000000
1325	2	0.000000
1325	3	0.000000
1326	0	1.000000
1326	1	0.000000
1326	2	0.000000
1326	3	0.000000
1327	0	1.000000
1327	1	0.000000
1327	2	0.000000
1327	3	0.000000
1328	0	1.000000
1328	1	0.000000
1328	2	0.000000
1328	3	0.000000
1329	0	1.000000
1329	1	0.000000
1329	2	0.000000
1329	3	0.000000
1330	0	1.000000
1330	1	0.000000
1330	2	0.000000
1330	3	0.000000
1331	0	1.000000
1331	1	0.000000
1331	2	0.000000
1331	3	0.000000
1332	0	0.000000
1332	1	1.000000
1332	2	0.000000
1332	3	0.000000
1333	0	0.000000
1333	1	1.000000
1333	2	0.000000
1333	3	0.000000
1334	0	0.000000
1334	1	1.000000
1334	2	0.000000
1334	3	0.000000
1335	0	0.000000
1335	1	1.000000
1335	2	0.000000
1335	3	0.000000
1336	0	0.000000
1336	1	1.000000
1336	2	0.000000
1336	3	0.000000
1337	0	0.000000
1337	1	1.000000
1337	2	0.000000
1337	3	0.000000
1338	0	0.000000
1338	1	1.000000
1338	2	0.000000
1338	3	0.000000
1339	0	0.000000
1339	1	1.000000
1339	2	0.000000
1339	3	0.000000
1340	0	0.000000
1340	1	1.000000
1340	2	0.000000
1340	3	0.000000
1341	0	0.000000
1341	1	1.000000
1341	2	0.000000
1341	3	0.000000
1342	0	0.000000
1342	1	1.000000
1342	2	0.000000
1342	3	0.000000
1343	0	0.000000
1343	1	1.000000
1343	2	0.000000
1343	3	0.000000
1344	0	0.000000
1344	1	1.000000
1344	2	0.000000
1344	3	0.000000
1345	0	0.000000
1345	1	1.000000
1345	2	0.000000
1345	3	0.000000
1346	0	0.000000
1346	1	1.000000
1346	2	0.000000
1346	3	0.000000
1347	0	0.000000
1347	1	1.000000
1347	2	0.000000
1347	3	0.000000
1348	0	0.000000
1348	1	1.000000
1348	2	0.000000
1348	3	0.000000
1349	0	0.000000
1349	1	1.000000
1349	2	0.000000
1349	3	0.000000
1350	0	0.000000
1350	1	1.000000
1350	2	0.000000
1350	3	0.000000
1351	0	0.000000
1351	1	1.000000
1351	2	0.000000
1351	3	0.000000
1352	0	0.000000
1352	1	1.000000
1352	2	0.000000
1352	3	0.000000
1353	0	0.000000
1353	1	1.000000
1353	2	0.000000
1353	3	0.000000
1354	0	0.000000
1354	1	1.000000
1354	2	0.000000
1354	3	0.000000
1355	0	0.000000
1355	1	1.000000
1355	2	0.000000
1355	3	0.000000
1356	0	0.000000
1356	1	1.000000
1356	2	0.000000
1356	3	0.000000
1357	0	0.000000
1357	1	1.000000
1357	2	0.000000
1357	3	0.000000
1358	0	0.000000
1358	1	1.000000
1358	2	0.000000
1358	3	0.000000
1359	0	0.000000
1359	1	1.000000
1359	2	0.000000
1359	3	0.000000
1360	0	0.000000
1360	1	1.000000
1360	2	0.000000
1360	3	0.000000
1361	0	0.000000
1361	1	1.000000
1361	2	0.000000
1361	3	0.000000
1362	0	0.000000
1362	1	0.000000
1362	2	1.000000
1362	3	0.000000
1363	0	0.000000
1363	1	0.000000
1363	2	0.000000
1363	3	1.000000
1364	0	0.000000
1364	1	0.000000
1364	2	0.000000
1364	3	1.000000
1365	0	0.000000
1365	1	0.000000
1365	2	0.000000
1365	3	1.000000
1366	0	0.000000
1366	1	0.000000
1366	2	0.000000
1366	3	1.000000
1367	0	0.000000
1367	1	0.000000
1367	2	0.000000
1367	3	1.000000
1368	0	0.000000
1368	1	1.000000
1368	2	0.000000
1368	3	0.000000
1369	0	0.000000
1369	1	1.000000
1369	2	0.000000
1369	3	0.000000
1370	0	0.000000
1370	1	1.000000
1370	2	0.000000
1370	3	0.000000
1371	0	0.000000
1371	1	1.000000
1371	2	0.000000
1371	3	0.000000
1372	0	0.000000
1372	1	1.000000
1372	2	0.000000
1372	3	0.000000
1373	0	0.000000
1373	1	0.000000
1373	2	0.000000
1373	3	1.000000
1374	0	1.000000
1374	1	0.000000
1374	2	0.000000
1374	3	0.000000
1375	0	1.000000
1375	1	0.000000
1375	2	0.000000
1375	3	0.000000
1376	0	1.000000
1376	1	0.000000
1376	2	0.000000
1376	3	0.000000
1377	0	1.000000
1377	1	0.000000
1377	2	0.000000
1377	3	0.000000
1378	0	1.000000
1378	1	0.000000
1378	2	0.000000
1378	3	0.000000
1379	0	1.000000
1379	1	0.000000
1379	2	0.000000
1379	3	0.000000
1380	0	1.000000
1380	1	0.000000
1380	2	0.000000
1380	3	0.000000
1381	0	1.000000
1381	1	0.000000
1381	2	0.000000
1381	3	0.000000
1382	0	1.000000
1382	1	0.000000
1382	2	0.000000
1382	3	0.000000
1383	0	1.000000
1383	1	0.000000
1383	2	0.000000
1383	3	0.000000
1384	0	1.000000
1384	1	0.000000
1384	2	0.000000
1384	3	0.000000
1385	0	1.000000
1385	1	0.000000
1385	2	0.000000
1385	3	0.000000
1386	0	1.000000
1386	1	0.000000
1386	2	0.000000
1386	3	0.000000
1387	0	1.000000
1387	1	0.000000
1387	2	0.000000
1387	3	0.000000
1388	0	1.000000
1388	1	0.000000
1388	2	0.000000
1388	3	0.000000
1389	0	1.000000
1389	1	0.000000
1389	2	0.000000
1389	3	0.000000
1390	0	1.000000
1390	1	0.000000
1390	2	0.000000
1390	3	0.000000
1391	0	1.000000
1391	1	0.000000
1391	2	0.000000
1391	3	0.000000
1392	0	1.000000
1392	1	0.000000
1392	2	0.000000
1392	3	0.000000
1393	0	1.000000
1393	1	0.000000
1393	2	0.000000
1393	3	0.000000
1394	0	1.000000
1394	1	0.000000
1394	2	0.000000
1394	3	0.000000
1395	0	1.000000
1395	1	0.000000
1395	2	0.000000
1395	3	0.000000
1396	0	1.000000
1396	1	0.000000
1396	2	0.000000
1396	3	0.000000
1397	0	1.000000
1397	1	0.000000
1397	2	0.000000
1397	3	0.000000
1398	0	1.000000
1398	1	0.000000
1398	2	0.000000
1398	3	0.000000
1399	0	1.000000
1399	1	0.000000
1399	2	0.000000
1399	3	0.000000
1400	0	1.000000
1400	1	0.000000
1400	2	0.000000
1400	3	0.000000
1401	0	1.000000
1401	1	0.000000
1401	2	0.000000
1401	3	0.000000
1402	0	1.000000
1402	1	0.000000
1402	2	0.000000
1402	3	0.000000
1403	0	1.000000
1403	1	0.000000
1403	2	0.000000
1403	3	0.000000
1404	0	0.000000
1404	1	1.000000
1404	2	0.000000
1404	3	0.000000
1405	0	0.000000
1405	1	1.000000
1405	2	0.000000
1405	3	0.000000
1406	0	0.000000
1406	1	1.000000
1406	2	0.000000
1406	3	0.000000
1407	0	0.000000
1407	1	1.000000
1407	2	0.000000
1407	3	0.000000
1408	0	0.000000
1408	1	1.000000
1408	2	0.000000
1408	3	0.000000
1409	0	0.000000
1409	1	1.000000
1409	2	0.000000
1409	3	0.000000
1410	0	0.000000
1410	1	1.000000
1410	2	0.000000
1410	3	0.000000
1411	0	0.000000
1411	1	1.000000
1411	2	0.000000
1411	3	0.000000
1412	0	0.000000
1412	1	1.000000
1412	2	0.000000
1412	3	0.000000
1413	0	0.000000
1413	1	1.000000
1413	2	0.000000
1413	3	0.000000
1414	0	0.000000
1414	1	1.000000
1414	2	0.000000
1414	3	0.000000
1415	0	0.000000
1415	1	1.000000
1415	2	0.000000
1415	3	0.000000
1416	0	0.000000
1416	1	1.000000
1416	2	0.000000
1416	3	0.000000
1417	0	0.000000
1417	1	1.000000
1417	2	0.000000
1417	3	0.000000
1418	0	0.000000
1418	1	1.000000
1418	2	0.000000
1418	3	0.000000
1419	0	0.000000
1419	1	1.000000
1419	2	0.000000
1419	3	0.000000
1420	0	0.000000
1420	1	1.000000
1420	2	0.000000
1420	3	0.000000
1421	0	0.000000
1421	1	1.000000
1421	2	0.000000
1421	3	0.000000
1422	0	0.000000
1422	1	1.000000
1422	2	0.000000
1422	3	0.000000
1423	0	0.000000
1423	1	1.000000
1423	2	0.000000
1423	3	0.000000
1424	0	0.000000
1424	1	1.000000
1424	2	0.000000
1424	3	0.000000
1425	0	0.000000
1425	1	1.000000
1425	2	0.000000
1425	3	0.000000
1426	0	0.000000
1426	1	1.000000
1426	2	0.000000
1426	3	0.000000
1427	0	0.000000
1427	1	1.000000
1427	2	0.000000
1427	3	0.000000
1428	0	0.000000
1428	1	1.000000
1428	2	0.000000
1428	3	0.000000
1429	0	0.000000
1429	1	1.000000
1429	2	0.000000
1429	3	0.000000
1430	0	0.000000
1430	1	1.000000
1430	2	0.000000
1430	3	0.000000
1431	0	0.000000
1431	1	1.000000
1431	2	0.000000
1431	3	0.000000
1432	0	0.000000
1432	1	1.000000
1432	2	0.000000
1432	3	0.000000
1433	0	0.000000
1433	1	1.000000
1433	2	0.000000
1433	3	0.000000
1434	0	0.000000
1434	1	0.000000
1434	2	1.000000
1434	3	0.000000
1435	0	0.000000
1435	1	0.000000
1435	2	0.000000
1435	3	1.000000
1436	0	0.000000
1436	1	0.000000
1436	2	0.000000
1436	3	1.000000
1437	0	0.000000
1437	1	0.000000
1437	2	0.000000
1437	3	1.000000
1438	0	0.000000
1438	1	0.000000
1438	2	0.000000
1438	3	1.000000
1439	0	0.000000
1439	1	0.000000
1439	2	0.000000
1439	3	1.000000
1440	0	0.000000
1440	1	1.000000
1440	2	0.000000
1440	3	0.000000
1441	0	0.000000
1441	1	0.000000
1441	2	0.000000
1441	3	1.000000
1442	0	0.000000
1442	1	0.000000
1442	2	0.000000
1442	3	1.000000
1443	0	0.000000
1443	1	0.000000
1443	2	0.000000
1443	3	1.000000
1444	0	0.000000
1444	1	0.000000
1444	2	0.000000
1444	3	1.000000
1445	0	0.000000
1445	1	0.000000
1445	2	0.000000
1445	3	1.000000
1446	0	1.000000
1446	1	0.000000
1446	2	0.000000
1446	3	0.000000
1447	0	1.000000
1447	1	0.000000
1447	2	0.000000
1447	3	0.000000
1448	0	1.000000
1448	1	0.000000
1448	2	0.000000
1448	3	0.000000
1449	0	1.000000
1449	1	0.000000
1449	2	0.000000
1449	3	0.000000
1450	0	1.000000
1450	1	0.000000
1450	2	0.000000
1450	3	0.000000
1451	0	1.000000
1451	1	0.000000
1451	2	0.000000
1451	3	0.000000
1452	0	1.000000
1452	1	0.000000
1452	2	0.000000
1452	3	0.000000
1453	0	1.000000
1453	1	0.000000
1453	2	0.000000
1453	3	0.000000
1454	0	1.000000
1454	1	0.000000
1454	2	0.000000
1454	3	0.000000
1455	0	1.000000
1455	1	0.000000
1455	2	0.000000
1455	3	0.000000
1456	0	1.000000
1456	1	0.000000
1456	2	0.000000
1456	3	0.000000
1457	0	1.000000
1457	1	0.000000
1457	2	0.000000
1457	3	0.000000
1458	0	1.000000
1458	1	0.000000
1458	2	0.000000
1458	3	0.000000
1459	0	1.000000
1459	1	0.000000
1459	2	0.000000
1459	3	0.000000
1460	0	1.000000
1460	1	0.000000
1460	2	0.000000
1460	3	0.000000
1461	0	1.000000
1461	1	0.000000
1461	2	0.000000
1461	3	0.000000
1462	0	1.000000
1462	1	0.000000
1462	2	0.000000
1462	3	0.000000
1463	0	1.000000
1463	1	0.000000
1463	2	0.000000
1463	3	0.000000
1464	0	1.000000
1464	1	0.000000
1464	2	0.000000
1464	3	0.000000
1465	0	1.000000
1465	1	0.000000
1465	2	0.000000
1465	3	0.000000
1466	0	1.000000
1466	1	0.000000
1466	2	0.000000
1466	3	0.000000
1467	0	1.000000
1467	1	0.000000
1467	2	0.000000
1467	3	0.000000
1468	0	1.000000
1468	1	0.000000
1468	2	0.000000
1468	3	0.000000
1469	0	1.000000
1469	1	0.000000
1469	2	0.000000
1469	3	0.000000
1470	0	1.000000
1470	1	0.000000
1470	2	0.000000
1470	3	0.000000
1471	0	1.000000
1471	1	0.000000
1471	2	0.000000
1471	3	0.000000
1472	0	1.000000
1472	1	0.000000
1472	2	0.000000
1472	3	0.000000
1473	0	1.000000
1473	1	0.000000
1473	2	0.000000
1473	3	0.000000
1474	0	1.000000
1474	1	0.000000
1474	2	0.000000
1474	3	0.000000
1475	0	1.000000
1475	1	0.000000
1475	2	0.000000
1475	3	0.000000
1476	0	0.000000
1476	1	0.000000
1476	2	1.000000
1476	3	0.000000
1477	0	0.000000
1477	1	0.000000
1477	2	1.000000
1477	3	0.000000
1478	0	0.000000
1478	1	0.000000
1478	2	1.000000
1478	3	0.000000
1479	0	0.000000
1479	1	0.000000
1479	2	1.000000
1479	3	0.000000
1480	0	0.000000
1480	1	0.000000
1480	2	1.000000
1480	3	0.000000
1481	0	0.000000
1481	1	1.000000
1481	2	0.000000
1481	3	0.000000
1482	0	0.000000
1482	1	0.000000
1482	2	1.000000
1482	3	0.000000
1483	0	0.000000
1483	1	0.000000
1483	2	1.000000
1483	3	0.000000
1484	0	0.000000
1484	1	0.000000
1484	2	1.000000
1484	3	0.000000
1485	0	0.000000
1485	1	0.000000
1485	2	1.000000
1485	3	0.000000
1486	0	0.000000
1486	1	0.000000
1486	2	1.000000
1486	3	0.000000
1487	0	1.000000
1487	1	0.000000
1487	2	0.000000
1487	3	0.000000
1488	0	0.000000
1488	1	0.000000
1488	2	1.000000
1488	3	0.000000
1489	0	0.000000
1489	1	0.000000
1489	2	1.000000
1489	3	0.000000
1490	0	0.000000
1490	1	0.000000
1490	2	1.000000
1490	3	0.000000
1491	0	0.000000
1491	1	0.000000
1491	2	1.000000
1491	3	0.000000
1492	0	0.000000
1492	1	0.000000
1492	2	1.000000
1492	3	0.000000
1493	0	1.000000
1493	1	0.000000
1493	2	0.000000
1493	3	0.000000
1494	0	0.000000
1494	1	0.000000
1494	2	1.000000
1494	3	0.000000
1495	0	0.000000
1495	1	0.000000
1495	2	1.000000
1495	3	0.000000
1496	0	0.000000
1496	1	0.000000
1496	2	1.000000
1496	3	0.000000
1497	0	0.000000
1497	1	0.000000
1497	2	1.000000
1497	3	0.000000
1498	0	0.000000
1498	1	0.000000
1498	2	1.000000
1498	3	0.000000
1499	0	1.000000
1499	1	0.000000
1499	2	0.000000
1499	3	0.000000
1500	0	1.000000
1500	1	0.000000
1500	2	0.000000
1500	3	0.000000
1501	0	1.000000
1501	1	0.000000
1501	2	0.000000
1501	3	0.000000
1502	0	1.000000
1502	1	0.000000
1502	2	0.000000
1502	3	0.000000
1503	0	1.000000
1503	1	0.000000
1503	2	0.000000
1503	3	0.000000
1504	0	1.000000
1504	1	0.000000
1504	2	0.000000
1504	3	0.000000
1505	0	1.000000
1505	1	0.000000
1505	2	0.000000
1505	3	0.000000
1506	0	1.000000
1506	1	0.000000
1506	2	0.000000
1506	3	0.000000
1507	0	1.000000
1507	1	0.000000
1507	2	0.000000
1507	3	0.000000
1508	0	1.000000
1508	1	0.000000
1508	2	0.000000
1508	3	0.000000
1509	0	1.000000
1509	1	0.000000
1509	2	0.000000
1509	3	0.000000
1510	0	1.000000
1510	1	0.000000
1510	2	0.000000
1510	3	0.000000
1511	0	1.000000
1511	1	0.000000
1511	2	0.000000
1511	3	0.000000
1512	0	0.000000
1512	1	1.000000
1512	2	0.000000
1512	3	0.000000
1513	0	0.000000
1513	1	1.000000
1513	2	0.000000
1513	3	0.000000
1514	0	0.000000
1514	1	1.000000
1514	2	0.000000
1514	3	0.000000
1515	0	0.000000
1515	1	1.000000
1515	2	0.000000
1515	3	0.000000
1516	0	0.000000
1516	1	1.000000
1516	2	0.000000
1516	3	0.000000
1517	0	0.000000
1517	1	1.000000
1517	2	0.000000
1517	3	0.000000
1518	0	0.000000
1518	1	1.000000
1518	2	0.000000
1518	3	0.000000
1519	0	0.000000
1519	1	1.000000
1519	2	0.000000
1519	3	0.000000
1520	0	0.000000
1520	1	1.000000
1520	2	0.000000
1520	3	0.000000
1521	0	0.000000
1521	1	1.000000
1521	2	0.000000
1521	3	0.000000
1522	0	0.000000
1522	1	1.000000
1522	2	0.000000
1522	3	0.000000
1523	0	0.000000
1523	1	1.000000
1523	2	0.000000
1523	3	0.000000
1524	0	0.000000
1524	1	1.000000
1524	2	0.000000
1524	3	0.000000
1525	0	0.000000
1525	1	1.000000
1525	2	0.000000
1525	3	0.000000
1526	0	0.000000
1526	1	1.000000
1526	2	0.000000
1526	3	0.000000
1527	0	0.000000
1527	1	1.000000
1527	2	0.000000
1527	3	0.000000
1528	0	0.000000
1528	1	1.000000
1528	2	0.000000
1528	3	0.000000
1529	0	0.000000
1529	1	1.000000
1529	2	0.000000
1529	3	0.000000
1530	0	0.000000
1530	1	1.000000
1530	2	0.000000
1530	3	0.000000
1531	0	0.000000
1531	1	1.000000
1531	2	0.000000
1531	3	0.000000
1532	0	0.000000
1532	1	1.000000
1532	2	0.000000
1532	3	0.000000
1533	0	0.000000
1533	1	1.000000
1533	2	0.000000
1533	3	0.000000
1534	0	0.000000
1534	1	1.000000
1534	2	0.000000
1534	3	0.000000
1535	0	0.000000
1535	1	1.000000
1535	2	0.000000
1535	3	0.000000
1536	0	1.000000
1536	1	0.000000
1536	2	0.000000
1536	3	0.000000
1537	0	1.000000
1537	1	0.000000
1537	2	0.000000
1537	3	0.000000
1538	0	1.000000
1538	1	0.000000
1538	2	0.000000
1538	3	0.000000
1539	0	1.000000
1539	1	0.000000
1539	2	0.000000
1539	3	0.000000
1540	0	1.000000
1540	1	0.000000
1540	2	0.000000
1540	3	0.000000
1541	0	1.000000
1541	1	0.000000
1541	2	0.000000
1541	3	0.000000
1542	0	1.000000
1542	1	0.000000
1542	2	0.000000
1542	3	0.000000
1543	0	1.000000
1543	1	0.000000
1543	2	0.000000
1543	3	0.000000
1544	0	1.000000
1544	1	0.000000
1544	2	0.000000
1544	3	0.000000
1545	0	1.000000
1545	1	0.000000
1545	2	0.000000
1545	3	0.000000
1546	0	1.000000
1546	1	0.000000
1546	2	0.000000
1546	3	0.000000
1547	0	1.000000
1547	1	0.000000
1547	2	0.000000
1547	3	0.000000
1548	0	0.000000
1548	1	1.000000
1548	2	0.000000
1548	3	0.000000
1549	0	0.000000
1549	1	0.000000
1549	2	0.000000
1549	3	1.000000
1550	0	0.000000
1550	1	0.000000
1550	2	0.000000
1550	3	1.000000
1551	0	0.000000
1551	1	0.000000
1551	2	0.000000
1551	3	1.000000
1552	0	0.000000
1552	1	0.000000
1552	2	0.000000
1552	3	1.000000
1553	0	0.000000
1553	1	0.000000
1553	2	0.000000
1553	3	1.000000
1554	0	1.000000
1554	1	0.000000
1554	2	0.000000
1554	3	0.000000
1555	0	0.000000
1555	1	0.000000
1555	2	0.000000
1555	3	1.000000
1556	0	0.000000
1556	1	0.000000
1556	2	0.000000
1556	3	1.000000
1557	0	0.000000
1557	1	0.000000
1557	2	0.000000
1557	3	1.000000
1558	0	0.000000
1558	1	0.000000
1558	2	0.000000
1558	3	1.000000
1559	0	0.000000
1559	1	0.000000
1559	2	0.000000
1559	3	1.000000
1560	0	1.000000
1560	1	0.000000
1560	2	0.000000
1560	3	0.000000
1561	0	0.000000
1561	1	0.000000
1561	2	0.000000
1561	3	1.000000
1562	0	0.000000
1562	1	0.000000
1562	2	0.000000
1562	3	1.000000
1563	0	0.000000
1563	1	0.000000
1563	2	0.000000
1563	3	1.000000
1564	0	0.000000
1564	1	0.000000
1564	2	0.000000
1564	3	1.000000
1565	0	0.000000
1565	1	0.000000
1565	2	0.000000
1565	3	1.000000
1566	0	1.000000
1566	1	0.000000
1566	2	0.000000
1566	3	0.000000
1567	0	0.000000
1567	1	0.000000
1567	2	0.000000
1567	3	1.000000
1568	0	0.000000
1568	1	0.000000
1568	2	0.000000
1568	3	1.000000
1569	0	0.000000
1569	1	0.000000
1569	2	0.000000
1569	3	1.000000
1570	0	0.000000
1570	1	0.000000
1570	2	0.000000
1570	3	1.000000
1571	0	0.000000
1571	1	0.000000
1571	2	0.000000
1571	3	1.000000
1572	0	1.000000
1572	1	0.000000
1572	2	0.000000
1572	3	0.000000
1573	0	0.000000
1573	1	0.000000
1573	2	0.000000
1573	3	1.000000
1574	0	0.000000
1574	1	0.000000
1574	2	0.000000
1574	3	1.000000
1575	0	0.000000
1575	1	0.000000
1575	2	0.000000
1575	3	1.000000
1576	0	0.000000
1576	1	0.000000
1576	2	0.000000
1576	3	1.000000
1577	0	0.000000
1577	1	0.000000
1577	2	0.000000
1577	3	1.000000
1578	0	1.000000
1578	1	0.000000
1578	2	0.000000
1578	3	0.000000
1579	0	0.000000
1579	1	0.000000
1579	2	0.000000
1579	3	1.000000
1580	0	0.000000
1580	1	0.000000
1580	2	0.000000
1580	3	1.000000
1581	0	0.000000
1581	1	0.000000
1581	2	0.000000
1581	3	1.000000
1582	0	0.000000
1582	1	0.000000
1582	2	0.000000
1582	3	1.000000
1583	0	0.000000
1583	1	0.000000
1583	2	0.000000
1583	3	1.000000
